route_id,service_id,trip_id,trip_headsign,trip_short_name,direction_id,block_id,shape_id,wheelchair_accessible,bikes_allowed
5624,44133.113777,592875,,,,20733,44133,0,0
5624,44133.113777,594401,,,,20733,44133,0,0
5624,44133.113777,594402,,,,20733,44133,0,0
5624,44133.113777,594403,,,,20733,44133,0,0
5624,44133.113777,594404,,,,20733,44133,0,0
5624,44133.113777,594405,,,,20733,44133,0,0
5624,44133.113777,594406,,,,20733,44133,0,0
5624,44133.113777,594407,,,,20733,44133,0,0
5624,44133.113777,594408,,,,20733,44133,0,0
5624,44133.113777,594409,,,,20733,44133,0,0
5624,44133.113777,594410,,,,20733,44133,0,0
5624,44133.113777,594411,,,,20733,44133,0,0
5624,44133.113777,594412,,,,20733,44133,0,0
5624,44133.113777,594413,,,,20733,44133,0,0
5624,44133.113928,594431,,,,20734,44133,0,0
5624,44133.113928,594432,,,,20734,44133,0,0
5624,44133.113928,594433,,,,20734,44133,0,0
5624,44133.113928,594434,,,,20734,44133,0,0
5624,44133.113928,594435,,,,20734,44133,0,0
5624,44133.113928,594436,,,,20734,44133,0,0
5624,44133.113928,594437,,,,20734,44133,0,0
5624,44133.113928,594438,,,,20734,44133,0,0
5624,44133.113928,594439,,,,20734,44133,0,0
5624,44133.113928,594440,,,,20734,44133,0,0
5624,44133.113928,594441,,,,20734,44133,0,0
5624,44133.113777,592874,,,,20733,44132,0,0
5624,44133.113777,594388,,,,20733,44132,0,0
5624,44133.113777,594389,,,,20733,44132,0,0
5624,44133.113777,594390,,,,20733,44132,0,0
5624,44133.113777,594391,,,,20733,44132,0,0
5624,44133.113777,594392,,,,20733,44132,0,0
5624,44133.113777,594393,,,,20733,44132,0,0
5624,44133.113777,594394,,,,20733,44132,0,0
5624,44133.113777,594395,,,,20733,44132,0,0
5624,44133.113777,594396,,,,20733,44132,0,0
5624,44133.113777,594397,,,,20733,44132,0,0
5624,44133.113777,594398,,,,20733,44132,0,0
5624,44133.113777,594399,,,,20733,44132,0,0
5624,44133.113777,594400,,,,20733,44132,0,0
5624,44133.113928,594417,,,,20734,44132,0,0
5624,44133.113928,594418,,,,20734,44132,0,0
5624,44133.113928,594419,,,,20734,44132,0,0
5624,44133.113928,594420,,,,20734,44132,0,0
5624,44133.113928,594421,,,,20734,44132,0,0
5624,44133.113928,594422,,,,20734,44132,0,0
5624,44133.113928,594423,,,,20734,44132,0,0
5624,44133.113928,594424,,,,20734,44132,0,0
5624,44133.113928,594425,,,,20734,44132,0,0
5624,44133.113928,594426,,,,20734,44132,0,0
5624,44133.113928,594427,,,,20734,44132,0,0
5625,44133.113777,592877,,,,20735,44135,0,0
5625,44133.113777,594469,,,,20735,44135,0,0
5625,44133.113777,594470,,,,20735,44135,0,0
5625,44133.113777,594471,,,,20735,44135,0,0
5625,44133.113777,594472,,,,20735,44135,0,0
5625,44133.113777,594473,,,,20735,44135,0,0
5625,44133.113777,594474,,,,20735,44135,0,0
5625,44133.113777,594475,,,,20735,44135,0,0
5625,44133.113777,594476,,,,20735,44135,0,0
5625,44133.113777,594477,,,,20735,44135,0,0
5625,44133.113777,594478,,,,20735,44135,0,0
5625,44133.113777,594479,,,,20735,44135,0,0
5625,44133.113777,594480,,,,20735,44135,0,0
5625,44133.113777,594481,,,,20735,44135,0,0
5625,44133.113928,594485,,,,20736,44135,0,0
5625,44133.113928,594486,,,,20736,44135,0,0
5625,44133.113928,594487,,,,20736,44135,0,0
5625,44133.113928,594488,,,,20736,44135,0,0
5625,44133.113928,594489,,,,20736,44135,0,0
5625,44133.113928,594490,,,,20736,44135,0,0
5625,44133.113928,594491,,,,20736,44135,0,0
5625,44133.113928,594492,,,,20736,44135,0,0
5625,44133.113928,594493,,,,20736,44135,0,0
5625,44133.113928,594494,,,,20736,44135,0,0
5625,44133.113928,594495,,,,20736,44135,0,0
5625,44133.113777,592876,,,,20735,44134,0,0
5625,44133.113777,594442,,,,20735,44134,0,0
5625,44133.113777,594443,,,,20735,44134,0,0
5625,44133.113777,594444,,,,20735,44134,0,0
5625,44133.113777,594445,,,,20735,44134,0,0
5625,44133.113777,594446,,,,20735,44134,0,0
5625,44133.113777,594447,,,,20735,44134,0,0
5625,44133.113777,594448,,,,20735,44134,0,0
5625,44133.113777,594449,,,,20735,44134,0,0
5625,44133.113777,594450,,,,20735,44134,0,0
5625,44133.113777,594451,,,,20735,44134,0,0
5625,44133.113777,594452,,,,20735,44134,0,0
5625,44133.113777,594453,,,,20735,44134,0,0
5625,44133.113777,594454,,,,20735,44134,0,0
5625,44133.113928,594458,,,,20736,44134,0,0
5625,44133.113928,594459,,,,20736,44134,0,0
5625,44133.113928,594460,,,,20736,44134,0,0
5625,44133.113928,594461,,,,20736,44134,0,0
5625,44133.113928,594462,,,,20736,44134,0,0
5625,44133.113928,594463,,,,20736,44134,0,0
5625,44133.113928,594464,,,,20736,44134,0,0
5625,44133.113928,594465,,,,20736,44134,0,0
5625,44133.113928,594466,,,,20736,44134,0,0
5625,44133.113928,594467,,,,20736,44134,0,0
5625,44133.113928,594468,,,,20736,44134,0,0
5626,44133.113777,592878,,,,20737,44136,0,0
5626,44133.113777,594496,,,,20737,44136,0,0
5626,44133.113777,594497,,,,20737,44136,0,0
5626,44133.113777,594498,,,,20737,44136,0,0
5626,44133.113777,594499,,,,20737,44136,0,0
5626,44133.113777,594500,,,,20737,44136,0,0
5626,44133.113777,594501,,,,20737,44136,0,0
5626,44133.113928,594505,,,,20739,44136,0,0
5626,44133.113928,594506,,,,20739,44136,0,0
5626,44133.113928,594507,,,,20739,44136,0,0
5626,44133.113928,594508,,,,20739,44136,0,0
5627,44133.113777,592881,,,,20738,44139,0,0
5627,44133.113777,594509,,,,20738,44139,0,0
5627,44133.113777,594510,,,,20738,44139,0,0
5627,44133.113777,594511,,,,20738,44139,0,0
5627,44133.113777,594512,,,,20738,44139,0,0
5627,44133.113777,594513,,,,20738,44139,0,0
5627,44133.113777,594514,,,,20738,44139,0,0
5627,44133.113928,594515,,,,20740,44139,0,0
5627,44133.113928,594516,,,,20740,44139,0,0
5627,44133.113928,594517,,,,20740,44139,0,0
5627,44133.113928,594518,,,,20740,44139,0,0
5627,44133.113928,594519,,,,20740,44139,0,0
5627,44133.113928,594520,,,,20740,44139,0,0
5627,44133.113928,594521,,,,20740,44139,0,0
5628,44133.113777,594386,,,,20741,44225,0,0
5628,44133.113777,594522,,,,20741,44225,0,0
5628,44133.113777,594523,,,,20741,44225,0,0
5628,44133.113777,594524,,,,20741,44225,0,0
5628,44133.113777,594525,,,,20741,44225,0,0
5628,44133.113777,594526,,,,20741,44225,0,0
5628,44133.113777,594527,,,,20741,44225,0,0
5628,44133.113777,594528,,,,20741,44225,0,0
5628,44133.113777,594529,,,,20741,44225,0,0
5628,44133.113777,594530,,,,20741,44225,0,0
5628,44133.113777,594531,,,,20741,44225,0,0
5628,44133.113777,594532,,,,20741,44225,0,0
5628,44133.113777,594533,,,,20741,44225,0,0
5628,44133.113777,594534,,,,20741,44225,0,0
5628,44133.113928,594565,,,,20742,44225,0,0
5628,44133.113928,594566,,,,20742,44225,0,0
5628,44133.113928,594567,,,,20742,44225,0,0
5628,44133.113928,594568,,,,20742,44225,0,0
5628,44133.113928,594569,,,,20742,44225,0,0
5628,44133.113928,594570,,,,20742,44225,0,0
5628,44133.113928,594571,,,,20742,44225,0,0
5628,44133.113928,594572,,,,20742,44225,0,0
5628,44133.113928,594573,,,,20742,44225,0,0
5628,44133.113928,594574,,,,20742,44225,0,0
5628,44133.113928,594575,,,,20742,44225,0,0
5628,44133.113777,594387,,,,20741,44226,0,0
5628,44133.113777,594535,,,,20741,44226,0,0
5628,44133.113777,594536,,,,20741,44226,0,0
5628,44133.113777,594537,,,,20741,44226,0,0
5628,44133.113777,594538,,,,20741,44226,0,0
5628,44133.113777,594539,,,,20741,44226,0,0
5628,44133.113777,594540,,,,20741,44226,0,0
5628,44133.113777,594541,,,,20741,44226,0,0
5628,44133.113777,594542,,,,20741,44226,0,0
5628,44133.113777,594543,,,,20741,44226,0,0
5628,44133.113777,594544,,,,20741,44226,0,0
5628,44133.113777,594545,,,,20741,44226,0,0
5628,44133.113777,594546,,,,20741,44226,0,0
5628,44133.113777,594547,,,,20741,44226,0,0
5628,44133.113928,594551,,,,20742,44226,0,0
5628,44133.113928,594552,,,,20742,44226,0,0
5628,44133.113928,594553,,,,20742,44226,0,0
5628,44133.113928,594554,,,,20742,44226,0,0
5628,44133.113928,594555,,,,20742,44226,0,0
5628,44133.113928,594556,,,,20742,44226,0,0
5628,44133.113928,594557,,,,20742,44226,0,0
5628,44133.113928,594558,,,,20742,44226,0,0
5628,44133.113928,594559,,,,20742,44226,0,0
5628,44133.113928,594560,,,,20742,44226,0,0
5628,44133.113928,594561,,,,20742,44226,0,0
5629,44133.113777,594576,,,,20749,44227,0,0
5629,44133.113777,594605,,,,20749,44227,0,0
5629,44133.113777,594606,,,,20749,44227,0,0
5629,44133.113777,594607,,,,20749,44227,0,0
5629,44133.113777,594608,,,,20749,44227,0,0
5629,44133.113777,594609,,,,20749,44227,0,0
5629,44133.113777,594610,,,,20749,44227,0,0
5629,44133.113777,594611,,,,20749,44227,0,0
5629,44133.113777,594612,,,,20749,44227,0,0
5629,44133.113777,594613,,,,20749,44227,0,0
5629,44133.113777,594614,,,,20749,44227,0,0
5629,44133.113777,594615,,,,20749,44227,0,0
5629,44133.113777,594616,,,,20749,44227,0,0
5629,44133.113777,594617,,,,20749,44227,0,0
5629,44133.113928,594621,,,,20750,44227,0,0
5629,44133.113928,594622,,,,20750,44227,0,0
5629,44133.113928,594623,,,,20750,44227,0,0
5629,44133.113928,594624,,,,20750,44227,0,0
5629,44133.113928,594625,,,,20750,44227,0,0
5629,44133.113928,594626,,,,20750,44227,0,0
5629,44133.113928,594627,,,,20750,44227,0,0
5629,44133.113928,594628,,,,20750,44227,0,0
5629,44133.113928,594629,,,,20750,44227,0,0
5629,44133.113928,594630,,,,20750,44227,0,0
5629,44133.113928,594631,,,,20750,44227,0,0
5629,44133.113777,594577,,,,20749,44228,0,0
5629,44133.113777,594578,,,,20749,44228,0,0
5629,44133.113777,594579,,,,20749,44228,0,0
5629,44133.113777,594580,,,,20749,44228,0,0
5629,44133.113777,594581,,,,20749,44228,0,0
5629,44133.113777,594582,,,,20749,44228,0,0
5629,44133.113777,594583,,,,20749,44228,0,0
5629,44133.113777,594584,,,,20749,44228,0,0
5629,44133.113777,594585,,,,20749,44228,0,0
5629,44133.113777,594586,,,,20749,44228,0,0
5629,44133.113777,594587,,,,20749,44228,0,0
5629,44133.113777,594588,,,,20749,44228,0,0
5629,44133.113777,594589,,,,20749,44228,0,0
5629,44133.113777,594590,,,,20749,44228,0,0
5629,44133.113928,594594,,,,20750,44228,0,0
5629,44133.113928,594595,,,,20750,44228,0,0
5629,44133.113928,594596,,,,20750,44228,0,0
5629,44133.113928,594597,,,,20750,44228,0,0
5629,44133.113928,594598,,,,20750,44228,0,0
5629,44133.113928,594599,,,,20750,44228,0,0
5629,44133.113928,594600,,,,20750,44228,0,0
5629,44133.113928,594601,,,,20750,44228,0,0
5629,44133.113928,594602,,,,20750,44228,0,0
5629,44133.113928,594603,,,,20750,44228,0,0
5629,44133.113928,594604,,,,20750,44228,0,0
5630,44133.113928,594632,,,,21057,44229,0,0
5630,44133.113928,594644,,,,21057,44229,0,0
5630,44133.113928,594645,,,,21057,44229,0,0
5630,44133.113928,594646,,,,21057,44229,0,0
5630,44133.113928,594647,,,,21057,44229,0,0
5630,44133.113928,594648,,,,21057,44229,0,0
5630,44133.113928,594649,,,,21057,44229,0,0
5630,44133.113928,594650,,,,21057,44229,0,0
5630,44133.113928,594651,,,,21057,44229,0,0
5630,44133.113928,594652,,,,21057,44229,0,0
5630,44133.113928,594653,,,,21057,44229,0,0
5630,44133.113777,604544,,,,21058,44229,0,0
5630,44133.113777,604583,,,,21058,44229,0,0
5630,44133.113777,604584,,,,21058,44229,0,0
5630,44133.113777,604585,,,,21058,44229,0,0
5630,44133.113777,604586,,,,21058,44229,0,0
5630,44133.113777,604587,,,,21058,44229,0,0
5630,44133.113777,604570,,,,21058,44545,0,0
5630,44133.113777,604571,,,,21058,44545,0,0
5630,44133.113777,604572,,,,21058,44545,0,0
5630,44133.113777,604573,,,,21058,44545,0,0
5630,44133.113777,604574,,,,21058,44545,0,0
5630,44133.113777,604575,,,,21058,44545,0,0
5630,44133.113777,604576,,,,21058,44545,0,0
5630,44133.113777,604577,,,,21058,44545,0,0
5630,44133.113928,594633,,,,21057,44230,0,0
5630,44133.113928,594634,,,,21057,44230,0,0
5630,44133.113928,594635,,,,21057,44230,0,0
5630,44133.113928,594636,,,,21057,44230,0,0
5630,44133.113928,594637,,,,21057,44230,0,0
5630,44133.113928,594638,,,,21057,44230,0,0
5630,44133.113928,594639,,,,21057,44230,0,0
5630,44133.113928,594640,,,,21057,44230,0,0
5630,44133.113928,594641,,,,21057,44230,0,0
5630,44133.113928,594642,,,,21057,44230,0,0
5630,44133.113928,594643,,,,21057,44230,0,0
5630,44133.113777,604545,,,,21058,44230,0,0
5630,44133.113777,604546,,,,21058,44230,0,0
5630,44133.113777,604547,,,,21058,44230,0,0
5630,44133.113777,604548,,,,21058,44230,0,0
5630,44133.113777,604549,,,,21058,44230,0,0
5630,44133.113777,604550,,,,21058,44230,0,0
5630,44133.113777,604551,,,,21058,44230,0,0
5630,44133.113777,604552,,,,21058,44230,0,0
5630,44133.113777,604553,,,,21058,44230,0,0
5630,44133.113777,604554,,,,21058,44230,0,0
5630,44133.113777,604555,,,,21058,44230,0,0
5630,44133.113777,604556,,,,21058,44230,0,0
5630,44133.113777,604557,,,,21058,44230,0,0
5630,44133.113777,604558,,,,21058,44230,0,0
5631,44133.113777,594654,,,,20752,44231,0,0
5631,44133.113777,594685,,,,20752,44231,0,0
5631,44133.113777,594686,,,,20752,44231,0,0
5631,44133.113777,594687,,,,20752,44231,0,0
5631,44133.113777,594688,,,,20752,44231,0,0
5631,44133.113777,594689,,,,20752,44231,0,0
5631,44133.113777,594690,,,,20752,44231,0,0
5631,44133.113777,594691,,,,20752,44231,0,0
5631,44133.113777,594692,,,,20752,44231,0,0
5631,44133.113777,594693,,,,20752,44231,0,0
5631,44133.113777,594694,,,,20752,44231,0,0
5631,44133.113777,594695,,,,20752,44231,0,0
5631,44133.113777,594696,,,,20752,44231,0,0
5631,44133.113777,594697,,,,20752,44231,0,0
5631,44133.113928,594701,,,,20753,44231,0,0
5631,44133.113928,594702,,,,20753,44231,0,0
5631,44133.113928,594703,,,,20753,44231,0,0
5631,44133.113928,594704,,,,20753,44231,0,0
5631,44133.113928,594705,,,,20753,44231,0,0
5631,44133.113928,594706,,,,20753,44231,0,0
5631,44133.113928,594707,,,,20753,44231,0,0
5631,44133.113928,594708,,,,20753,44231,0,0
5631,44133.113928,594709,,,,20753,44231,0,0
5631,44133.113928,594710,,,,20753,44231,0,0
5631,44133.113928,594711,,,,20753,44231,0,0
5631,44133.113777,594655,,,,20752,44232,0,0
5631,44133.113777,594658,,,,20752,44232,0,0
5631,44133.113777,594659,,,,20752,44232,0,0
5631,44133.113777,594660,,,,20752,44232,0,0
5631,44133.113777,594661,,,,20752,44232,0,0
5631,44133.113777,594662,,,,20752,44232,0,0
5631,44133.113777,594663,,,,20752,44232,0,0
5631,44133.113777,594664,,,,20752,44232,0,0
5631,44133.113777,594665,,,,20752,44232,0,0
5631,44133.113777,594666,,,,20752,44232,0,0
5631,44133.113777,594667,,,,20752,44232,0,0
5631,44133.113777,594668,,,,20752,44232,0,0
5631,44133.113777,594669,,,,20752,44232,0,0
5631,44133.113777,594670,,,,20752,44232,0,0
5631,44133.113928,594674,,,,20753,44232,0,0
5631,44133.113928,594675,,,,20753,44232,0,0
5631,44133.113928,594676,,,,20753,44232,0,0
5631,44133.113928,594677,,,,20753,44232,0,0
5631,44133.113928,594678,,,,20753,44232,0,0
5631,44133.113928,594679,,,,20753,44232,0,0
5631,44133.113928,594680,,,,20753,44232,0,0
5631,44133.113928,594681,,,,20753,44232,0,0
5631,44133.113928,594682,,,,20753,44232,0,0
5631,44133.113928,594683,,,,20753,44232,0,0
5631,44133.113928,594684,,,,20753,44232,0,0
5632,44133.113777,594656,,,,20754,44233,0,0
5632,44133.113777,594739,,,,20754,44233,0,0
5632,44133.113777,594740,,,,20754,44233,0,0
5632,44133.113777,594741,,,,20754,44233,0,0
5632,44133.113777,594742,,,,20754,44233,0,0
5632,44133.113777,594743,,,,20754,44233,0,0
5632,44133.113777,594744,,,,20754,44233,0,0
5632,44133.113777,594745,,,,20754,44233,0,0
5632,44133.113777,594746,,,,20754,44233,0,0
5632,44133.113777,594747,,,,20754,44233,0,0
5632,44133.113777,594748,,,,20754,44233,0,0
5632,44133.113777,594749,,,,20754,44233,0,0
5632,44133.113777,594750,,,,20754,44233,0,0
5632,44133.113777,594751,,,,20754,44233,0,0
5632,44133.113928,594755,,,,20755,44233,0,0
5632,44133.113928,594756,,,,20755,44233,0,0
5632,44133.113928,594757,,,,20755,44233,0,0
5632,44133.113928,594758,,,,20755,44233,0,0
5632,44133.113928,594759,,,,20755,44233,0,0
5632,44133.113928,594760,,,,20755,44233,0,0
5632,44133.113928,594761,,,,20755,44233,0,0
5632,44133.113928,594762,,,,20755,44233,0,0
5632,44133.113928,594763,,,,20755,44233,0,0
5632,44133.113928,594764,,,,20755,44233,0,0
5632,44133.113928,594765,,,,20755,44233,0,0
5632,44133.113777,594657,,,,20754,44234,0,0
5632,44133.113777,594712,,,,20754,44234,0,0
5632,44133.113777,594713,,,,20754,44234,0,0
5632,44133.113777,594714,,,,20754,44234,0,0
5632,44133.113777,594715,,,,20754,44234,0,0
5632,44133.113777,594716,,,,20754,44234,0,0
5632,44133.113777,594717,,,,20754,44234,0,0
5632,44133.113777,594718,,,,20754,44234,0,0
5632,44133.113777,594719,,,,20754,44234,0,0
5632,44133.113777,594720,,,,20754,44234,0,0
5632,44133.113777,594721,,,,20754,44234,0,0
5632,44133.113777,594722,,,,20754,44234,0,0
5632,44133.113777,594723,,,,20754,44234,0,0
5632,44133.113777,594724,,,,20754,44234,0,0
5632,44133.113928,594728,,,,20755,44234,0,0
5632,44133.113928,594729,,,,20755,44234,0,0
5632,44133.113928,594730,,,,20755,44234,0,0
5632,44133.113928,594731,,,,20755,44234,0,0
5632,44133.113928,594732,,,,20755,44234,0,0
5632,44133.113928,594733,,,,20755,44234,0,0
5632,44133.113928,594734,,,,20755,44234,0,0
5632,44133.113928,594735,,,,20755,44234,0,0
5632,44133.113928,594736,,,,20755,44234,0,0
5632,44133.113928,594737,,,,20755,44234,0,0
5632,44133.113928,594738,,,,20755,44234,0,0