shape_id,shape_pt_lat,shape_pt_lon,shape_pt_sequence
1,35.21766,-82.75094,0
1,35.21779,-82.75083,1
1,35.21792,-82.75071,2
1,35.21805,-82.7506,3
1,35.21808,-82.75058,4
1,35.21826,-82.75042,5
1,35.2185,-82.75023,6
1,35.21852,-82.75022,7
1,35.21865,-82.75011,8
1,35.21876,-82.75002,9
1,35.2188,-82.74998,10
1,35.21899,-82.74982,11
1,35.21917,-82.74968,12
1,35.21932,-82.74956,13
1,35.21939,-82.74949,14
1,35.21946,-82.74944,15
1,35.21946,-82.74943,16
1,35.21952,-82.74938,17
1,35.21961,-82.7493,18
1,35.21961,-82.74929,19
1,35.2197,-82.7492,20
1,35.21978,-82.74912,21
1,35.21984,-82.74906,22
1,35.21991,-82.74898,23
1,35.22,-82.74887,24
1,35.22011,-82.74873,25
1,35.22018,-82.74863,26
1,35.22039,-82.74831,27
1,35.22052,-82.74805,28
1,35.22057,-82.74795,29
1,35.2206,-82.74789,30
1,35.22067,-82.74772,31
1,35.22071,-82.74762,32
1,35.2208,-82.74739,33
1,35.22092,-82.747,34
1,35.22097,-82.74677,35
1,35.22104,-82.74649,36
1,35.2211,-82.74622,37
1,35.22116,-82.74596,38
1,35.22122,-82.7457,39
1,35.22126,-82.74552,40
1,35.2213,-82.74541,41
1,35.22132,-82.74533,42
1,35.22134,-82.74525,43
1,35.22138,-82.74515,44
1,35.22139,-82.74512,45
1,35.2214,-82.74507,46
1,35.22147,-82.7449,47
1,35.22152,-82.74478,48
1,35.22155,-82.74473,49
1,35.22155,-82.74471,50
1,35.22162,-82.74458,51
1,35.22164,-82.74453,52
1,35.22171,-82.74439,53
1,35.22173,-82.74435,54
1,35.22184,-82.74417,55
1,35.22192,-82.74404,56
1,35.222,-82.74392,57
1,35.22206,-82.74383,58
1,35.22237,-82.74341,59
1,35.22275,-82.74286,60
1,35.22298,-82.74255,61
1,35.22318,-82.74227,62
1,35.22337,-82.742,63
1,35.2236,-82.74169,64
1,35.22407,-82.74103,65
1,35.22466,-82.7402,66
1,35.22502,-82.7397,67
1,35.22547,-82.73906,68
1,35.22573,-82.7387,69
1,35.22583,-82.73855,70
1,35.22602,-82.73828,71
1,35.22614,-82.73812,72
1,35.22621,-82.73802,73
1,35.22638,-82.73777,74
1,35.22644,-82.73768,75
1,35.22652,-82.73756,76
1,35.2266,-82.73754,77
1,35.22664,-82.73754,78
1,35.2267,-82.73754,79
1,35.22685,-82.73755,80
1,35.22736,-82.73759,81
1,35.22779,-82.73761,82
1,35.22785,-82.73762,83
1,35.22829,-82.73764,84
1,35.22844,-82.73765,85
1,35.22852,-82.73766,86
1,35.22856,-82.73766,87
1,35.22859,-82.73765,88
1,35.22864,-82.73765,89
1,35.22866,-82.73764,90
1,35.2287,-82.73763,91
1,35.22873,-82.73762,92
1,35.22878,-82.7376,93
1,35.22883,-82.73758,94
1,35.22887,-82.73755,95
1,35.22891,-82.73753,96
1,35.22896,-82.73749,97
1,35.22932,-82.73725,98
1,35.22949,-82.73714,99
1,35.23002,-82.73678,100
1,35.23049,-82.73647,101
1,35.23105,-82.73609,102
1,35.23152,-82.73578,103
1,35.23162,-82.73572,104
1,35.23224,-82.7353,105
1,35.23206,-82.7349,106
1,35.23198,-82.73472,107
1,35.23172,-82.73413,108
1,35.23159,-82.73386,109
1,35.23157,-82.73381,110
1,35.23154,-82.73375,111
1,35.23151,-82.73367,112
1,35.23148,-82.73361,113
1,35.23147,-82.73359,114
1,35.23144,-82.73352,115
1,35.23135,-82.73335,116
1,35.2313,-82.73323,117
1,35.23122,-82.73304,118
1,35.23163,-82.73276,119
1,35.23195,-82.73255,120
1,35.23237,-82.73227,121
1,35.23256,-82.73212,122
1,35.23264,-82.73205,123
1,35.23271,-82.73199,124
1,35.23287,-82.7319,125
1,35.23315,-82.73173,126
1,35.23341,-82.73156,127
1,35.23361,-82.73143,128
1,35.23373,-82.73135,129
1,35.23419,-82.73101,130
1,35.23429,-82.73094,131
1,35.23435,-82.7309,132
1,35.23458,-82.73076,133
1,35.2349,-82.73056,134
1,35.23499,-82.7305,135
1,35.23506,-82.73045,136
1,35.23556,-82.73012,137
1,35.23565,-82.73031,138
1,35.23581,-82.73063,139
1,35.236,-82.73101,140
1,35.23654,-82.73211,141
1,35.23686,-82.73184,142
1,35.23704,-82.7317,143
1,35.23737,-82.73142,144
1,35.23751,-82.7313,145
1,35.23758,-82.73125,146
1,35.23773,-82.73113,147
1,35.23783,-82.73106,148
1,35.23787,-82.73102,149
1,35.23794,-82.73098,150
1,35.23798,-82.73095,151
1,35.2381,-82.73088,152
1,35.23826,-82.73078,153
1,35.23872,-82.73053,154
1,35.23896,-82.7304,155
1,35.23939,-82.73016,156
1,35.2395,-82.7301,157
1,35.23988,-82.72989,158
1,35.24003,-82.72981,159
1,35.24028,-82.72966,160
1,35.24053,-82.72953,161
1,35.24061,-82.72949,162
1,35.24064,-82.72946,163
1,35.24069,-82.72942,164
1,35.24075,-82.72938,165
1,35.24081,-82.72933,166
1,35.24085,-82.72929,167
1,35.24089,-82.72925,168
1,35.24092,-82.72922,169
1,35.24095,-82.72918,170
1,35.24099,-82.72914,171
1,35.24102,-82.7291,172
1,35.2411,-82.72898,173
1,35.24118,-82.72883,174
1,35.24122,-82.72874,175
1,35.24125,-82.72865,176
1,35.24128,-82.72857,177
1,35.2413,-82.72849,178
1,35.24132,-82.7284,179
1,35.24133,-82.72834,180
1,35.24138,-82.72809,181
1,35.24139,-82.72802,182
1,35.24144,-82.72776,183
1,35.24151,-82.7274,184
1,35.24112,-82.72726,185
1,35.24095,-82.72723,186
1,35.24081,-82.72721,187
1,35.2408,-82.72712,188
1,35.2408,-82.7269,189
1,35.2408,-82.72712,190
1,35.24081,-82.72721,191
1,35.24095,-82.72723,192
1,35.24112,-82.72726,193
1,35.24151,-82.7274,194
1,35.24158,-82.72717,195
1,35.24163,-82.72702,196
1,35.24168,-82.72688,197
1,35.24174,-82.72674,198
1,35.24175,-82.72672,199
1,35.2418,-82.72661,200
1,35.24187,-82.72645,201
1,35.24195,-82.72629,202
1,35.24211,-82.72601,203
1,35.24215,-82.72593,204
1,35.24221,-82.72584,205
1,35.24239,-82.72556,206
1,35.24253,-82.72537,207
1,35.24255,-82.72535,208
1,35.24266,-82.72522,209
1,35.24285,-82.72499,210
1,35.24296,-82.7249,211
1,35.24319,-82.72471,212
1,35.24329,-82.72463,213
1,35.24338,-82.72456,214
1,35.2435,-82.72448,215
1,35.24367,-82.72438,216
1,35.24383,-82.72429,217
1,35.24384,-82.72428,218
1,35.24424,-82.72409,219
1,35.24447,-82.72398,220
1,35.24457,-82.72393,221
1,35.24533,-82.72356,222
1,35.24564,-82.72341,223
1,35.24674,-82.72287,224
1,35.24708,-82.72271,225
1,35.24735,-82.72259,226
1,35.24747,-82.72253,227
1,35.24752,-82.72251,228
1,35.24769,-82.72243,229
1,35.24783,-82.72238,230
1,35.24799,-82.72231,231
1,35.24832,-82.72218,232
1,35.24847,-82.72213,233
1,35.24877,-82.72203,234
1,35.2489,-82.72199,235
1,35.24913,-82.72191,236
1,35.24937,-82.72183,237
1,35.24932,-82.72153,238
1,35.24932,-82.72138,239
1,35.24932,-82.72122,240
1,35.24933,-82.72096,241
1,35.24933,-82.7208,242
1,35.24935,-82.72064,243
1,35.24935,-82.7206,244
1,35.24937,-82.72042,245
1,35.24938,-82.7204,246
1,35.24939,-82.72032,247
1,35.24941,-82.7202,248
1,35.24955,-82.72023,249
1,35.24967,-82.7202,250
1,35.24973,-82.72018,251
1,35.24978,-82.72015,252
1,35.25,-82.71993,253
1,35.25006,-82.72007,254
1,35.25009,-82.7202,255
1,35.25,-82.72024,256
1,35.24999,-82.72025,257
1,35.24998,-82.72026,258
1,35.24998,-82.72027,259
1,35.24998,-82.72028,260
1,35.25009,-82.72057,261
1,35.25011,-82.72066,262
1,35.25009,-82.72057,263
1,35.24998,-82.72028,264
1,35.24998,-82.72027,265
1,35.24998,-82.72026,266
1,35.24999,-82.72025,267
1,35.25,-82.72024,268
1,35.25009,-82.7202,269
1,35.25006,-82.72007,270
1,35.25,-82.71993,271
1,35.24978,-82.72015,272
1,35.24973,-82.72018,273
1,35.24967,-82.7202,274
1,35.24955,-82.72023,275
1,35.24941,-82.7202,276
1,35.24939,-82.72032,277
1,35.24938,-82.7204,278
1,35.24937,-82.72042,279
1,35.24935,-82.7206,280
1,35.24935,-82.72064,281
1,35.24933,-82.7208,282
1,35.24933,-82.72096,283
1,35.24932,-82.72122,284
1,35.24932,-82.72138,285
1,35.24932,-82.72153,286
1,35.24937,-82.72183,287
1,35.24953,-82.72177,288
1,35.24978,-82.72168,289
1,35.25049,-82.72143,290
1,35.25118,-82.72119,291
1,35.25151,-82.72108,292
1,35.25209,-82.72088,293
1,35.2524,-82.72077,294
1,35.25249,-82.72073,295
1,35.25251,-82.72069,296
1,35.25253,-82.72067,297
1,35.25255,-82.72065,298
1,35.25257,-82.72063,299
1,35.25273,-82.72055,300
1,35.25283,-82.7205,301
1,35.25293,-82.72044,302
1,35.25302,-82.72038,303
1,35.25313,-82.72031,304
1,35.25323,-82.72023,305
1,35.25331,-82.72015,306
1,35.25347,-82.72002,307
1,35.25358,-82.71992,308
1,35.25382,-82.71968,309
1,35.25401,-82.7195,310
1,35.25452,-82.71899,311
1,35.25487,-82.71865,312
1,35.25517,-82.71835,313
1,35.25592,-82.71763,314
1,35.25612,-82.71742,315
1,35.25622,-82.71732,316
1,35.2565,-82.71708,317
1,35.25679,-82.71685,318
1,35.2567,-82.71663,319
1,35.25663,-82.71646,320
1,35.25651,-82.71615,321
1,35.25643,-82.71592,322
1,35.25642,-82.71585,323
1,35.25639,-82.71573,324
1,35.25635,-82.71556,325
1,35.25635,-82.71553,326
1,35.25633,-82.71543,327
1,35.25633,-82.71539,328
1,35.25631,-82.71521,329
1,35.25631,-82.71518,330
1,35.2563,-82.71496,331
1,35.25631,-82.7147,332
1,35.25634,-82.71413,333
1,35.25635,-82.71386,334
1,35.25637,-82.71366,335
1,35.2564,-82.71308,336
1,35.25653,-82.71302,337
1,35.25682,-82.71302,338
1,35.25693,-82.71301,339
1,35.25701,-82.71299,340
1,35.2571,-82.71291,341
1,35.25714,-82.71283,342
1,35.25718,-82.71277,343
1,35.25721,-82.71264,344
1,35.2572,-82.71247,345
1,35.25713,-82.71219,346
1,35.25716,-82.71202,347
1,35.25713,-82.71165,348
1,35.25713,-82.71136,349
1,35.25714,-82.71114,350
1,35.25715,-82.71106,351
1,35.25716,-82.71098,352
1,35.25718,-82.71073,353
1,35.25701,-82.71071,354
1,35.2567,-82.71068,355
1,35.25652,-82.71066,356
1,35.25647,-82.71162,357
1,35.25646,-82.71172,358
1,35.25644,-82.71209,359
1,35.2564,-82.71258,360
1,35.2564,-82.71262,361
1,35.2564,-82.71263,362
1,35.25641,-82.71264,363
1,35.25642,-82.71266,364
1,35.25644,-82.71267,365
1,35.25647,-82.71268,366
1,35.2565,-82.71268,367
1,35.25653,-82.71268,368
1,35.25655,-82.71267,369
1,35.25656,-82.71266,370
1,35.25657,-82.71264,371
1,35.25657,-82.71263,372
1,35.25658,-82.71261,373
1,35.2566,-82.71206,374
1,35.25661,-82.71203,375
1,35.25663,-82.71201,376
1,35.25666,-82.71201,377
1,35.25702,-82.71204,378
1,35.25706,-82.71204,379
1,35.25709,-82.71204,380
1,35.25716,-82.71202,381
1,35.25713,-82.71219,382
1,35.2572,-82.71247,383
1,35.25721,-82.71264,384
1,35.25718,-82.71277,385
1,35.25714,-82.71283,386
1,35.2571,-82.71291,387
1,35.25701,-82.71299,388
1,35.25693,-82.71301,389
1,35.25682,-82.71302,390
1,35.25653,-82.71302,391
1,35.2564,-82.71308,392
1,35.25637,-82.71366,393
1,35.25635,-82.71386,394
1,35.25634,-82.71413,395
1,35.25631,-82.7147,396
1,35.2563,-82.71496,397
1,35.25631,-82.71518,398
1,35.25631,-82.71521,399
1,35.25633,-82.71539,400
1,35.25633,-82.71543,401
1,35.25635,-82.71553,402
1,35.25635,-82.71556,403
1,35.25639,-82.71573,404
1,35.25642,-82.71585,405
1,35.25643,-82.71592,406
1,35.25651,-82.71615,407
1,35.25663,-82.71646,408
1,35.2567,-82.71663,409
1,35.25679,-82.71685,410
1,35.25691,-82.71676,411
1,35.25711,-82.71663,412
1,35.25726,-82.71653,413
1,35.25727,-82.71653,414
1,35.25734,-82.71649,415
1,35.25736,-82.71648,416
1,35.2575,-82.7164,417
1,35.25761,-82.71635,418
1,35.25782,-82.71626,419
1,35.25803,-82.71617,420
1,35.25815,-82.71613,421
1,35.25819,-82.71612,422
1,35.25825,-82.7161,423
1,35.25836,-82.71607,424
1,35.25846,-82.71604,425
1,35.25857,-82.71602,426
1,35.25869,-82.71599,427
1,35.25893,-82.71595,428
1,35.25901,-82.71594,429
1,35.25911,-82.71593,430
1,35.25922,-82.71591,431
1,35.25969,-82.71586,432
1,35.25966,-82.71555,433
1,35.25963,-82.71496,434
1,35.25952,-82.7142,435
1,35.25942,-82.71421,436
1,35.25935,-82.71421,437
1,35.25948,-82.71527,438
1,35.25971,-82.71524,439
1,35.25977,-82.71581,440
1,35.26085,-82.7157,441
1,35.26144,-82.71562,442
1,35.2616,-82.7156,443
1,35.26202,-82.71557,444
1,35.26226,-82.71553,445
1,35.26254,-82.7155,446
1,35.26297,-82.71544,447
1,35.26331,-82.71538,448
1,35.26368,-82.71529,449
1,35.26383,-82.71524,450
1,35.26395,-82.71519,451
1,35.26406,-82.71514,452
1,35.26413,-82.71511,453
1,35.26422,-82.71507,454
1,35.26424,-82.71506,455
1,35.26456,-82.71489,456
1,35.2648,-82.71472,457
1,35.26502,-82.71454,458
1,35.26517,-82.71442,459
1,35.26533,-82.71427,460
1,35.26553,-82.71408,461
1,35.26572,-82.71391,462
1,35.26588,-82.71376,463
1,35.26603,-82.71363,464
1,35.26612,-82.71355,465
1,35.26646,-82.71323,466
1,35.2666,-82.7131,467
1,35.26701,-82.71272,468
1,35.26726,-82.7125,469
1,35.26737,-82.71238,470
1,35.26749,-82.71225,471
1,35.26755,-82.71219,472
1,35.26772,-82.71198,473
1,35.26789,-82.71175,474
1,35.26809,-82.71145,475
1,35.26819,-82.7113,476
1,35.26828,-82.71117,477
1,35.26847,-82.71086,478
1,35.26849,-82.71082,479
1,35.26856,-82.7107,480
1,35.26869,-82.71051,481
1,35.26886,-82.71026,482
1,35.26896,-82.71012,483
1,35.26902,-82.71003,484
1,35.26914,-82.70985,485
1,35.26918,-82.70977,486
1,35.26934,-82.70949,487
1,35.26943,-82.70934,488
1,35.26954,-82.70916,489
1,35.26979,-82.70878,490
1,35.26997,-82.70851,491
1,35.27001,-82.70844,492
1,35.27004,-82.7084,493
1,35.27018,-82.70819,494
1,35.2704,-82.70786,495
1,35.27048,-82.70775,496
1,35.27111,-82.707,497
1,35.27121,-82.70688,498
1,35.27146,-82.70657,499
1,35.27168,-82.70632,500
1,35.27184,-82.70612,501
1,35.27191,-82.70603,502
1,35.27198,-82.70596,503
1,35.27212,-82.70582,504
1,35.27217,-82.70576,505
1,35.2725,-82.70539,506
1,35.27282,-82.70504,507
1,35.27306,-82.70475,508
1,35.2733,-82.70448,509
1,35.27338,-82.70439,510
1,35.27353,-82.70422,511
1,35.27357,-82.70406,512
1,35.27358,-82.704,513
1,35.27359,-82.70395,514
1,35.2736,-82.7039,515
1,35.27361,-82.70386,516
1,35.27361,-82.70379,517
1,35.27361,-82.70372,518
1,35.27361,-82.70365,519
1,35.27361,-82.7036,520
1,35.2736,-82.70336,521
1,35.27354,-82.70302,522
1,35.27348,-82.70277,523
1,35.27331,-82.7023,524
1,35.27317,-82.7018,525
1,35.273,-82.70131,526
1,35.2728,-82.70069,527
1,35.2727,-82.70038,528
1,35.27256,-82.69995,529
1,35.27243,-82.69955,530
1,35.27228,-82.69909,531
1,35.27241,-82.69899,532
1,35.27248,-82.69894,533
1,35.27243,-82.69875,534
1,35.27232,-82.69847,535
1,35.27225,-82.69848,536
1,35.27218,-82.6985,537
1,35.2721,-82.69853,538
1,35.27213,-82.69864,539
1,35.27243,-82.69955,540
1,35.27256,-82.69995,541
1,35.2727,-82.70038,542
1,35.2728,-82.70069,543
1,35.273,-82.70131,544
1,35.27317,-82.7018,545
1,35.27331,-82.7023,546
1,35.27348,-82.70277,547
1,35.27354,-82.70302,548
1,35.27355,-82.70312,549
1,35.27375,-82.703,550
1,35.27379,-82.70293,551
1,35.2739,-82.70283,552
1,35.27397,-82.70265,553
1,35.27406,-82.70256,554
1,35.27394,-82.70273,555
1,35.27385,-82.70292,556
1,35.27376,-82.70302,557
1,35.27369,-82.70308,558
1,35.27362,-82.70312,559
1,35.27357,-82.7032,560
1,35.2736,-82.70336,561
1,35.27364,-82.70349,562
1,35.27376,-82.70358,563
1,35.27381,-82.70361,564
1,35.27385,-82.70362,565
1,35.27389,-82.70363,566
1,35.27394,-82.70363,567
1,35.274,-82.70364,568
1,35.27404,-82.70363,569
1,35.27418,-82.70349,570
1,35.27447,-82.70319,571
1,35.27483,-82.70282,572
1,35.27492,-82.70271,573
1,35.27498,-82.7028,574
1,35.27512,-82.70294,575
1,35.27526,-82.70308,576
1,35.27527,-82.7031,577
1,35.27535,-82.70317,578
1,35.27541,-82.70323,579
1,35.27542,-82.70323,580
1,35.27548,-82.70328,581
1,35.27558,-82.70336,582
1,35.27568,-82.70321,583
1,35.27578,-82.70306,584
1,35.27593,-82.70316,585
1,35.27609,-82.70326,586
1,35.27625,-82.70337,587
1,35.27656,-82.70358,588
1,35.27672,-82.70369,589
1,35.27703,-82.7039,590
1,35.27701,-82.70394,591
1,35.27696,-82.70406,592
1,35.27687,-82.70426,593
1,35.27679,-82.70444,594
1,35.27652,-82.70426,595
1,35.27651,-82.70427,596
1,35.27649,-82.70428,597
1,35.27647,-82.70429,598
1,35.27642,-82.70429,599
1,35.27632,-82.70427,600
1,35.27623,-82.70426,601
1,35.27622,-82.70426,602
1,35.27616,-82.70426,603
1,35.27609,-82.70427,604
1,35.27598,-82.7043,605
1,35.27578,-82.70436,606
1,35.27574,-82.70438,607
1,35.27568,-82.70442,608
1,35.27564,-82.70446,609
1,35.27561,-82.70449,610
1,35.27556,-82.70452,611
1,35.27555,-82.70453,612
1,35.27537,-82.70459,613
1,35.27486,-82.70478,614
1,35.27479,-82.70481,615
1,35.27449,-82.70493,616
1,35.27434,-82.705,617
1,35.2741,-82.70509,618
1,35.27398,-82.70475,619
1,35.27389,-82.70468,620
1,35.27385,-82.70464,621
1,35.2738,-82.70461,622
1,35.27374,-82.70458,623
1,35.27371,-82.70457,624
1,35.27369,-82.70456,625
1,35.27366,-82.70456,626
1,35.27362,-82.70456,627
1,35.27358,-82.70456,628
1,35.27344,-82.70457,629
1,35.2732,-82.70484,630
1,35.2729,-82.70519,631
1,35.27265,-82.70547,632
1,35.27257,-82.70556,633
1,35.27232,-82.70585,634
1,35.27209,-82.70611,635
1,35.272,-82.70621,636
1,35.27191,-82.70603,637
1,35.27177,-82.70599,638
1,35.27167,-82.70595,639
1,35.27163,-82.70594,640
1,35.27141,-82.70589,641
1,35.27118,-82.70588,642
1,35.27031,-82.70581,643
1,35.27033,-82.70571,644
1,35.27043,-82.70554,645
1,35.27045,-82.70551,646
1,35.27054,-82.70536,647
1,35.27067,-82.70516,648
1,35.27077,-82.70499,649
1,35.27083,-82.70489,650
1,35.27077,-82.70499,651
1,35.27067,-82.70516,652
1,35.27054,-82.70536,653
1,35.27045,-82.70551,654
1,35.27043,-82.70554,655
1,35.27033,-82.70571,656
1,35.27031,-82.70581,657
1,35.26975,-82.70577,658
1,35.26963,-82.70576,659
1,35.26938,-82.70576,660
1,35.26891,-82.70578,661
1,35.26885,-82.70578,662
1,35.2686,-82.70578,663
1,35.26829,-82.7059,664
1,35.26827,-82.70594,665
1,35.26826,-82.70598,666
1,35.26824,-82.70601,667
1,35.26822,-82.70604,668
1,35.26821,-82.70605,669
1,35.26819,-82.70606,670
1,35.26817,-82.70608,671
1,35.26814,-82.70609,672
1,35.2681,-82.7061,673
1,35.26807,-82.7061,674
1,35.26804,-82.7061,675
1,35.26801,-82.7061,676
1,35.268,-82.7061,677
1,35.26798,-82.70609,678
1,35.26794,-82.70607,679
1,35.26791,-82.70605,680
1,35.26788,-82.70603,681
1,35.26785,-82.706,682
1,35.2678,-82.70594,683
1,35.26752,-82.70587,684
1,35.26723,-82.70588,685
1,35.26675,-82.70594,686
1,35.2657,-82.70602,687
1,35.26535,-82.70604,688
1,35.26515,-82.70606,689
1,35.26471,-82.70609,690
1,35.26431,-82.70611,691
1,35.26356,-82.70618,692
1,35.26349,-82.70619,693
1,35.2631,-82.70621,694
1,35.26276,-82.70623,695
1,35.26251,-82.70625,696
1,35.26235,-82.70625,697
1,35.26234,-82.70625,698
1,35.26218,-82.70625,699
1,35.26201,-82.70624,700
1,35.26174,-82.70619,701
1,35.26157,-82.70616,702
1,35.26124,-82.70606,703
1,35.26103,-82.70597,704
1,35.26078,-82.70587,705
1,35.26053,-82.70574,706
1,35.26037,-82.70563,707
1,35.26033,-82.7056,708
1,35.26016,-82.70548,709
1,35.26008,-82.70582,710
1,35.25991,-82.70598,711
1,35.25999,-82.70582,712
1,35.26005,-82.70573,713
1,35.26022,-82.70552,714
1,35.26008,-82.70541,715
1,35.25987,-82.70523,716
1,35.25945,-82.70483,717
1,35.25924,-82.70463,718
1,35.25881,-82.70422,719
1,35.25871,-82.70413,720
1,35.2581,-82.70353,721
1,35.25805,-82.70349,722
1,35.25781,-82.70327,723
1,35.25734,-82.70284,724
1,35.25726,-82.70277,725
1,35.25719,-82.70271,726
1,35.25714,-82.70265,727
1,35.25696,-82.70247,728
1,35.25684,-82.70235,729
1,35.25672,-82.70222,730
1,35.25645,-82.70194,731
1,35.25631,-82.70181,732
1,35.25608,-82.7016,733
1,35.25583,-82.70135,734
1,35.25566,-82.70121,735
1,35.25535,-82.70095,736
1,35.25518,-82.70084,737
1,35.25504,-82.70077,738
1,35.25489,-82.70068,739
1,35.25488,-82.70067,740
1,35.25475,-82.70061,741
1,35.25463,-82.70055,742
1,35.25449,-82.70049,743
1,35.25435,-82.70043,744
1,35.25422,-82.70037,745
1,35.25396,-82.70023,746
1,35.25385,-82.70045,747
1,35.25382,-82.70051,748
1,35.25374,-82.70062,749
1,35.25366,-82.70075,750
1,35.2536,-82.70083,751
1,35.25352,-82.70092,752
1,35.25312,-82.70141,753
1,35.25303,-82.70152,754
1,35.25288,-82.70174,755
1,35.25283,-82.70183,756
1,35.25278,-82.70191,757
1,35.2527,-82.70207,758
1,35.25258,-82.70231,759
1,35.25249,-82.7025,760
1,35.2524,-82.70268,761
1,35.25269,-82.7028,762
1,35.25262,-82.70306,763
1,35.25269,-82.7028,764
1,35.2524,-82.70268,765
1,35.25188,-82.70375,766
1,35.25169,-82.70415,767
1,35.25089,-82.7058,768
1,35.25084,-82.70588,769
1,35.25071,-82.70614,770
1,35.2506,-82.70638,771
1,35.24988,-82.70784,772
1,35.24973,-82.70813,773
1,35.24957,-82.70846,774
1,35.24939,-82.70876,775
1,35.24927,-82.70895,776
1,35.249,-82.70928,777
1,35.24798,-82.7105,778
1,35.24766,-82.71091,779
1,35.24741,-82.71127,780
1,35.24731,-82.71141,781
1,35.24714,-82.71168,782
1,35.24696,-82.71197,783
1,35.24681,-82.71221,784
1,35.24677,-82.71229,785
1,35.24675,-82.71232,786
1,35.24667,-82.71248,787
1,35.24663,-82.71256,788
1,35.24661,-82.71264,789
1,35.24659,-82.71271,790
1,35.24656,-82.71284,791
1,35.24655,-82.7129,792
1,35.24654,-82.71296,793
1,35.24651,-82.71328,794
1,35.24644,-82.71415,795
1,35.24641,-82.71455,796
1,35.24639,-82.71485,797
1,35.24636,-82.7151,798
1,35.24645,-82.71512,799
1,35.24636,-82.7151,800
1,35.2463,-82.71538,801
1,35.24623,-82.71565,802
1,35.24613,-82.71593,803
1,35.24612,-82.71596,804
1,35.24597,-82.71636,805
1,35.24583,-82.71673,806
1,35.24558,-82.7174,807
1,35.24544,-82.7178,808
1,35.24504,-82.71884,809
1,35.24453,-82.7202,810
1,35.24448,-82.72034,811
1,35.24438,-82.72059,812
1,35.24421,-82.72105,813
1,35.24437,-82.72113,814
1,35.24451,-82.72119,815
1,35.24481,-82.72133,816
1,35.24512,-82.72148,817
1,35.24536,-82.72159,818
1,35.24564,-82.72172,819
1,35.24582,-82.7218,820
1,35.24588,-82.72182,821
1,35.24612,-82.72191,822
1,35.24616,-82.72192,823
1,35.24632,-82.72196,824
1,35.24652,-82.722,825
1,35.24666,-82.72205,826
1,35.24669,-82.72206,827
1,35.24672,-82.72207,828
1,35.24675,-82.72208,829
1,35.24675,-82.72209,830
1,35.24677,-82.7221,831
1,35.24679,-82.72212,832
1,35.24681,-82.72215,833
1,35.24683,-82.72218,834
1,35.24686,-82.72226,835
1,35.24709,-82.72209,836
1,35.2471,-82.72208,837
1,35.2471,-82.72206,838
1,35.24705,-82.72198,839
1,35.24685,-82.72169,840
1,35.24685,-82.72168,841
1,35.24686,-82.72167,842
1,35.24704,-82.72152,843
1,35.24721,-82.7215,844
1,35.24727,-82.7215,845
1,35.24738,-82.72148,846
1,35.2474,-82.72148,847
1,35.2474,-82.72149,848
1,35.24741,-82.72149,849
1,35.24745,-82.72155,850
1,35.24761,-82.72179,851
1,35.24745,-82.72155,852
1,35.24741,-82.72149,853
1,35.2474,-82.72149,854
1,35.2474,-82.72148,855
1,35.24738,-82.72148,856
1,35.24727,-82.7215,857
1,35.24721,-82.7215,858
1,35.24704,-82.72152,859
1,35.24686,-82.72167,860
1,35.24685,-82.72168,861
1,35.24685,-82.72169,862
1,35.24705,-82.72198,863
1,35.2471,-82.72206,864
1,35.2471,-82.72208,865
1,35.24709,-82.72209,866
1,35.24686,-82.72226,867
1,35.24692,-82.72244,868
1,35.24697,-82.72253,869
1,35.24708,-82.72271,870
1,35.24674,-82.72287,871
1,35.24564,-82.72341,872
1,35.24533,-82.72356,873
1,35.24457,-82.72393,874
1,35.24447,-82.72398,875
1,35.24424,-82.72409,876
1,35.24384,-82.72428,877
1,35.24383,-82.72429,878
1,35.24367,-82.72438,879
1,35.2435,-82.72448,880
1,35.24338,-82.72456,881
1,35.24329,-82.72463,882
1,35.24319,-82.72471,883
1,35.24296,-82.7249,884
1,35.24285,-82.72499,885
1,35.24266,-82.72522,886
1,35.24255,-82.72535,887
1,35.24253,-82.72537,888
1,35.24239,-82.72556,889
1,35.24221,-82.72584,890
1,35.24215,-82.72593,891
1,35.24211,-82.72601,892
1,35.24195,-82.72629,893
1,35.24187,-82.72645,894
1,35.2418,-82.72661,895
1,35.24175,-82.72672,896
1,35.24174,-82.72674,897
1,35.24168,-82.72688,898
1,35.24163,-82.72702,899
1,35.24158,-82.72717,900
1,35.24151,-82.7274,901
1,35.24144,-82.72776,902
1,35.24139,-82.72802,903
1,35.24138,-82.72809,904
1,35.24133,-82.72834,905
1,35.24132,-82.7284,906
1,35.2413,-82.72849,907
1,35.24128,-82.72857,908
1,35.24125,-82.72865,909
1,35.24122,-82.72874,910
1,35.24118,-82.72883,911
1,35.2411,-82.72898,912
1,35.24102,-82.7291,913
1,35.24099,-82.72914,914
1,35.24095,-82.72918,915
1,35.24092,-82.72922,916
1,35.24089,-82.72925,917
1,35.24085,-82.72929,918
1,35.24081,-82.72933,919
1,35.24075,-82.72938,920
1,35.24069,-82.72942,921
1,35.24064,-82.72946,922
1,35.24061,-82.72949,923
1,35.24053,-82.72953,924
1,35.24028,-82.72966,925
1,35.24003,-82.72981,926
1,35.23988,-82.72989,927
1,35.2395,-82.7301,928
1,35.23939,-82.73016,929
1,35.23939,-82.73019,930
1,35.23938,-82.7302,931
1,35.23937,-82.73023,932
1,35.23936,-82.73025,933
1,35.23933,-82.73028,934
1,35.23931,-82.73031,935
1,35.23926,-82.73035,936
1,35.23922,-82.73039,937
1,35.23917,-82.73044,938
1,35.23904,-82.73058,939
1,35.23897,-82.73068,940
1,35.23892,-82.73074,941
1,35.23885,-82.73086,942
1,35.23874,-82.73102,943
1,35.23867,-82.73122,944
1,35.23853,-82.73163,945
1,35.2387,-82.73176,946
1,35.23875,-82.73178,947
1,35.23877,-82.73183,948
1,35.23879,-82.73185,949
1,35.23882,-82.73188,950
1,35.23884,-82.7319,951
1,35.23886,-82.7319,952
1,35.23887,-82.73191,953
1,35.23889,-82.7319,954
1,35.23894,-82.73189,955
1,35.23896,-82.73188,956
1,35.23903,-82.73186,957
1,35.23906,-82.73185,958
1,35.23914,-82.73181,959
1,35.23915,-82.73181,960
1,35.23919,-82.73178,961
1,35.23915,-82.73181,962
1,35.23914,-82.73181,963
1,35.23906,-82.73185,964
1,35.23903,-82.73186,965
1,35.23896,-82.73188,966
1,35.23894,-82.73189,967
1,35.23889,-82.7319,968
1,35.23887,-82.73191,969
1,35.23886,-82.7319,970
1,35.23884,-82.7319,971
1,35.23882,-82.73188,972
1,35.23879,-82.73185,973
1,35.23877,-82.73183,974
1,35.23875,-82.73178,975
1,35.2387,-82.73176,976
1,35.23853,-82.73163,977
1,35.23844,-82.73188,978
1,35.23839,-82.73194,979
1,35.23836,-82.73198,980
1,35.23831,-82.73203,981
1,35.2383,-82.73203,982
1,35.23819,-82.73212,983
1,35.23809,-82.7322,984
1,35.23794,-82.73231,985
1,35.23786,-82.73235,986
1,35.23775,-82.73242,987
1,35.23771,-82.73245,988
1,35.23754,-82.73255,989
1,35.23738,-82.73266,990
1,35.23722,-82.73278,991
1,35.23707,-82.73288,992
1,35.23697,-82.73295,993
1,35.23668,-82.73312,994
1,35.23653,-82.73323,995
1,35.23644,-82.7333,996
1,35.23629,-82.73342,997
1,35.23626,-82.73345,998
1,35.23615,-82.73356,999
1,35.23612,-82.73359,1000
1,35.23602,-82.73371,1001
1,35.23596,-82.73379,1002
1,35.23583,-82.73393,1003
1,35.23544,-82.73437,1004
1,35.2354,-82.73441,1005
1,35.235,-82.73486,1006
1,35.23509,-82.73505,1007
1,35.23527,-82.73543,1008
1,35.23536,-82.73563,1009
1,35.23545,-82.73582,1010
1,35.23554,-82.73601,1011
1,35.23519,-82.73627,1012
1,35.23515,-82.7363,1013
1,35.23492,-82.73643,1014
1,35.23482,-82.73649,1015
1,35.23474,-82.73653,1016
1,35.23483,-82.73672,1017
1,35.23492,-82.73692,1018
1,35.23505,-82.7372,1019
1,35.2351,-82.7373,1020
1,35.23514,-82.73739,1021
1,35.23531,-82.73777,1022
1,35.2354,-82.73797,1023
1,35.23574,-82.73872,1024
1,35.236,-82.7393,1025
1,35.23626,-82.73987,1026
1,35.2362,-82.74016,1027
1,35.23618,-82.74022,1028
1,35.23616,-82.74027,1029
1,35.23614,-82.74032,1030
1,35.23611,-82.74037,1031
1,35.23608,-82.74041,1032
1,35.23604,-82.74044,1033
1,35.23599,-82.74047,1034
1,35.23551,-82.74077,1035
1,35.23535,-82.74088,1036
1,35.23506,-82.74108,1037
1,35.23473,-82.74132,1038
1,35.2346,-82.7414,1039
1,35.23454,-82.74143,1040
1,35.23443,-82.74147,1041
1,35.2344,-82.74148,1042
1,35.23425,-82.74152,1043
1,35.23422,-82.74153,1044
1,35.23408,-82.74158,1045
1,35.23406,-82.74159,1046
1,35.234,-82.74162,1047
1,35.23394,-82.74166,1048
1,35.23388,-82.74173,1049
1,35.23375,-82.74195,1050
1,35.2337,-82.74203,1051
1,35.2336,-82.74222,1052
1,35.23355,-82.74236,1053
1,35.23354,-82.74241,1054
1,35.23353,-82.74245,1055
1,35.23352,-82.74249,1056
1,35.2335,-82.74257,1057
1,35.23349,-82.74265,1058
1,35.23348,-82.74272,1059
1,35.23348,-82.74277,1060
1,35.23349,-82.74288,1061
1,35.23363,-82.74307,1062
1,35.23387,-82.74335,1063
1,35.23402,-82.74353,1064
1,35.23417,-82.74373,1065
1,35.23419,-82.74375,1066
1,35.2342,-82.74379,1067
1,35.23421,-82.74383,1068
1,35.23422,-82.7439,1069
1,35.2344,-82.74412,1070
1,35.23453,-82.74428,1071
1,35.23503,-82.74491,1072
1,35.23519,-82.74507,1073
1,35.23524,-82.74511,1074
1,35.2353,-82.74515,1075
1,35.23543,-82.74521,1076
1,35.23541,-82.74529,1077
1,35.23533,-82.74533,1078
1,35.23517,-82.74536,1079
1,35.2351,-82.74533,1080
1,35.23502,-82.74525,1081
1,35.23496,-82.74518,1082
1,35.23492,-82.74514,1083
1,35.23496,-82.74506,1084
1,35.23498,-82.74501,1085
1,35.23503,-82.74491,1086
1,35.23453,-82.74428,1087
1,35.2344,-82.74412,1088
1,35.23422,-82.7439,1089
1,35.23409,-82.74404,1090
1,35.23387,-82.74429,1091
1,35.23371,-82.74444,1092
1,35.23369,-82.74446,1093
1,35.23362,-82.74452,1094
1,35.23351,-82.74456,1095
1,35.2333,-82.74475,1096
1,35.23318,-82.74488,1097
1,35.2331,-82.74498,1098
1,35.23305,-82.74508,1099
1,35.23303,-82.74519,1100
1,35.23302,-82.74522,1101
1,35.23301,-82.74541,1102
1,35.23297,-82.74585,1103
1,35.23291,-82.74601,1104
1,35.23286,-82.74613,1105
1,35.23279,-82.74625,1106
1,35.23265,-82.74636,1107
1,35.23264,-82.74637,1108
1,35.23249,-82.74646,1109
1,35.23245,-82.74649,1110
1,35.23234,-82.74658,1111
1,35.2323,-82.74662,1112
1,35.23221,-82.74672,1113
1,35.2322,-82.74672,1114
1,35.23213,-82.74683,1115
1,35.232,-82.74707,1116
1,35.23204,-82.74712,1117
1,35.232,-82.74707,1118
1,35.23213,-82.74683,1119
1,35.2322,-82.74672,1120
1,35.23221,-82.74672,1121
1,35.2323,-82.74662,1122
1,35.23234,-82.74658,1123
1,35.23245,-82.74649,1124
1,35.23249,-82.74646,1125
1,35.23264,-82.74637,1126
1,35.23265,-82.74636,1127
1,35.23279,-82.74625,1128
1,35.23286,-82.74613,1129
1,35.23291,-82.74601,1130
1,35.23297,-82.74585,1131
1,35.23301,-82.74541,1132
1,35.23302,-82.74522,1133
1,35.23303,-82.74519,1134
1,35.23305,-82.74508,1135
1,35.2331,-82.74498,1136
1,35.23318,-82.74488,1137
1,35.2333,-82.74475,1138
1,35.23351,-82.74456,1139
1,35.23342,-82.74437,1140
1,35.23335,-82.74425,1141
1,35.23313,-82.74381,1142
1,35.23307,-82.74369,1143
1,35.23303,-82.74362,1144
1,35.23302,-82.74359,1145
1,35.23301,-82.74356,1146
1,35.23301,-82.74353,1147
1,35.23301,-82.7435,1148
1,35.23302,-82.74346,1149
1,35.23304,-82.74342,1150
1,35.23316,-82.74326,1151
1,35.23321,-82.74319,1152
1,35.23329,-82.74311,1153
1,35.2333,-82.7431,1154
1,35.23338,-82.74301,1155
1,35.23349,-82.74288,1156
1,35.23348,-82.74277,1157
1,35.23348,-82.74272,1158
1,35.23349,-82.74265,1159
1,35.2335,-82.74257,1160
1,35.23352,-82.74249,1161
1,35.23353,-82.74245,1162
1,35.23354,-82.74241,1163
1,35.23355,-82.74236,1164
1,35.2336,-82.74222,1165
1,35.23337,-82.74207,1166
1,35.23342,-82.74198,1167
1,35.23345,-82.74193,1168
1,35.23347,-82.74188,1169
1,35.23347,-82.74187,1170
1,35.23348,-82.74184,1171
1,35.2335,-82.74177,1172
1,35.2335,-82.74172,1173
1,35.2335,-82.74164,1174
1,35.23348,-82.74153,1175
1,35.23347,-82.74143,1176
1,35.23345,-82.74136,1177
1,35.23344,-82.74131,1178
1,35.23343,-82.74124,1179
1,35.23341,-82.74116,1180
1,35.23338,-82.74102,1181
1,35.23313,-82.7407,1182
1,35.233,-82.74054,1183
1,35.23288,-82.74039,1184
1,35.2327,-82.74017,1185
1,35.23248,-82.7399,1186
1,35.23228,-82.73964,1187
1,35.23215,-82.73948,1188
1,35.23203,-82.73934,1189
1,35.23177,-82.73898,1190
1,35.23166,-82.73909,1191
1,35.23154,-82.73922,1192
1,35.2315,-82.73926,1193
1,35.2314,-82.73937,1194
1,35.23145,-82.73947,1195
1,35.23148,-82.73952,1196
1,35.23149,-82.73954,1197
1,35.23147,-82.73955,1198
1,35.23144,-82.7395,1199
1,35.2314,-82.73943,1200
1,35.23137,-82.7394,1201
1,35.2315,-82.73926,1202
1,35.23154,-82.73922,1203
1,35.23166,-82.73909,1204
1,35.23177,-82.73898,1205
1,35.23164,-82.73882,1206
1,35.23151,-82.73867,1207
1,35.23139,-82.73851,1208
1,35.23126,-82.73836,1209
1,35.23105,-82.7381,1210
1,35.23081,-82.73777,1211
1,35.23067,-82.7379,1212
1,35.23036,-82.73817,1213
1,35.23023,-82.73828,1214
1,35.23002,-82.73846,1215
1,35.2299,-82.73857,1216
1,35.22972,-82.73867,1217
1,35.22891,-82.73859,1218
1,35.22875,-82.73857,1219
1,35.22784,-82.73843,1220
1,35.2276,-82.7384,1221
1,35.2272,-82.73833,1222
1,35.22678,-82.73827,1223
1,35.22654,-82.73823,1224
1,35.22641,-82.73821,1225
1,35.22638,-82.7382,1226
1,35.22633,-82.73819,1227
1,35.22628,-82.73817,1228
1,35.2262,-82.73814,1229
1,35.22614,-82.73812,1230
1,35.22602,-82.73828,1231
1,35.22583,-82.73855,1232
1,35.22573,-82.7387,1233
1,35.22547,-82.73906,1234
1,35.22502,-82.7397,1235
1,35.22466,-82.7402,1236
1,35.22407,-82.74103,1237
1,35.2236,-82.74169,1238
1,35.22337,-82.742,1239
1,35.22318,-82.74227,1240
1,35.22298,-82.74255,1241
1,35.22275,-82.74286,1242
1,35.22237,-82.74341,1243
1,35.22206,-82.74383,1244
1,35.222,-82.74392,1245
1,35.22192,-82.74404,1246
1,35.22184,-82.74417,1247
1,35.22173,-82.74435,1248
1,35.22171,-82.74439,1249
1,35.22164,-82.74453,1250
1,35.22162,-82.74458,1251
1,35.22155,-82.74471,1252
1,35.22155,-82.74473,1253
1,35.22152,-82.74478,1254
1,35.22147,-82.7449,1255
1,35.2214,-82.74507,1256
1,35.22139,-82.74512,1257
1,35.22138,-82.74515,1258
1,35.22134,-82.74525,1259
1,35.22132,-82.74533,1260
1,35.2213,-82.74541,1261
1,35.22126,-82.74552,1262
1,35.22122,-82.7457,1263
1,35.22116,-82.74596,1264
1,35.2211,-82.74622,1265
1,35.22104,-82.74649,1266
1,35.22097,-82.74677,1267
1,35.22092,-82.747,1268
1,35.2208,-82.74739,1269
1,35.22071,-82.74762,1270
1,35.22067,-82.74772,1271
1,35.2206,-82.74789,1272
1,35.22057,-82.74795,1273
1,35.22052,-82.74805,1274
1,35.22039,-82.74831,1275
1,35.22018,-82.74863,1276
1,35.22011,-82.74873,1277
1,35.22,-82.74887,1278
1,35.21991,-82.74898,1279
1,35.21984,-82.74906,1280
1,35.21978,-82.74912,1281
1,35.2197,-82.7492,1282
1,35.21961,-82.74929,1283
1,35.21961,-82.7493,1284
1,35.21952,-82.74938,1285
1,35.21946,-82.74943,1286
1,35.21946,-82.74944,1287
1,35.21939,-82.74949,1288
1,35.21932,-82.74956,1289
1,35.21917,-82.74968,1290
1,35.21899,-82.74982,1291
1,35.2188,-82.74998,1292
1,35.21876,-82.75002,1293
1,35.21865,-82.75011,1294
1,35.21852,-82.75022,1295
1,35.2185,-82.75023,1296
1,35.21826,-82.75042,1297
1,35.21808,-82.75058,1298
1,35.21805,-82.7506,1299
1,35.21792,-82.75071,1300
1,35.21779,-82.75083,1301
1,35.21766,-82.75094,1302
1,35.21736,-82.75044,1303
2,35.19888,-82.78188,0
2,35.19881,-82.78193,1
2,35.1987,-82.78169,2
2,35.19847,-82.78189,3
2,35.19837,-82.7816,4
2,35.19827,-82.78134,5
2,35.19794,-82.78158,6
2,35.19769,-82.78175,7
2,35.19754,-82.78186,8
2,35.19739,-82.78195,9
2,35.19691,-82.78222,10
2,35.19683,-82.78227,11
2,35.19659,-82.78238,12
2,35.19641,-82.78247,13
2,35.19622,-82.78256,14
2,35.19608,-82.78262,15
2,35.1959,-82.78271,16
2,35.19573,-82.78279,17
2,35.19559,-82.78285,18
2,35.19538,-82.78295,19
2,35.19523,-82.78302,20
2,35.19502,-82.78312,21
2,35.19482,-82.78321,22
2,35.19459,-82.78332,23
2,35.19436,-82.78344,24
2,35.1942,-82.78353,25
2,35.19401,-82.78365,26
2,35.19376,-82.78381,27
2,35.19355,-82.78395,28
2,35.19354,-82.78395,29
2,35.19353,-82.78396,30
2,35.19348,-82.78397,31
2,35.1934,-82.78403,32
2,35.19327,-82.78412,33
2,35.19317,-82.7842,34
2,35.19306,-82.78429,35
2,35.19291,-82.78441,36
2,35.19277,-82.78452,37
2,35.19256,-82.7847,38
2,35.19233,-82.78492,39
2,35.1922,-82.78504,40
2,35.192,-82.78524,41
2,35.19182,-82.78543,42
2,35.19163,-82.78562,43
2,35.19116,-82.78613,44
2,35.19097,-82.78632,45
2,35.19027,-82.78706,46
2,35.19024,-82.78711,47
2,35.19024,-82.78712,48
2,35.19023,-82.78713,49
2,35.19021,-82.78715,50
2,35.19017,-82.78719,51
2,35.19008,-82.7873,52
2,35.18992,-82.78748,53
2,35.18974,-82.78768,54
2,35.18951,-82.78793,55
2,35.18937,-82.78807,56
2,35.18912,-82.7883,57
2,35.18889,-82.78851,58
2,35.18887,-82.78854,59
2,35.18885,-82.78854,60
2,35.18884,-82.78855,61
2,35.18882,-82.78855,62
2,35.18858,-82.78879,63
2,35.18832,-82.78904,64
2,35.18773,-82.78962,65
2,35.18768,-82.78968,66
2,35.18767,-82.7897,67
2,35.18766,-82.78971,68
2,35.18765,-82.78972,69
2,35.18765,-82.78973,70
2,35.18762,-82.78975,71
2,35.18755,-82.78983,72
2,35.18745,-82.78993,73
2,35.18734,-82.79004,74
2,35.18722,-82.79016,75
2,35.18715,-82.79022,76
2,35.18695,-82.79042,77
2,35.18673,-82.79061,78
2,35.18646,-82.79084,79
2,35.18629,-82.79097,80
2,35.18628,-82.79098,81
2,35.18627,-82.79099,82
2,35.18626,-82.791,83
2,35.18625,-82.791,84
2,35.18622,-82.79101,85
2,35.1859,-82.79129,86
2,35.18566,-82.79151,87
2,35.1854,-82.79173,88
2,35.18539,-82.79174,89
2,35.18525,-82.79186,90
2,35.18519,-82.79192,91
2,35.18505,-82.79204,92
2,35.18493,-82.79214,93
2,35.18482,-82.79225,94
2,35.18462,-82.79242,95
2,35.18446,-82.79257,96
2,35.18443,-82.7926,97
2,35.18435,-82.79268,98
2,35.18424,-82.7928,99
2,35.18416,-82.79289,100
2,35.18407,-82.79299,101
2,35.18406,-82.79301,102
2,35.18399,-82.79308,103
2,35.18384,-82.79327,104
2,35.18355,-82.79365,105
2,35.18353,-82.79369,106
2,35.18345,-82.7938,107
2,35.1834,-82.79389,108
2,35.18324,-82.79415,109
2,35.18311,-82.79437,110
2,35.18301,-82.79457,111
2,35.18292,-82.79475,112
2,35.18277,-82.79508,113
2,35.18267,-82.79535,114
2,35.18266,-82.79538,115
2,35.18262,-82.7955,116
2,35.18253,-82.79579,117
2,35.18251,-82.79584,118
2,35.18233,-82.79652,119
2,35.18225,-82.7968,120
2,35.1822,-82.79697,121
2,35.18212,-82.79723,122
2,35.18207,-82.79739,123
2,35.18203,-82.79752,124
2,35.182,-82.79759,125
2,35.18196,-82.79771,126
2,35.18193,-82.79779,127
2,35.18179,-82.79812,128
2,35.18174,-82.79822,129
2,35.18171,-82.79829,130
2,35.18165,-82.7984,131
2,35.18161,-82.79848,132
2,35.18156,-82.79858,133
2,35.1815,-82.79867,134
2,35.18145,-82.79876,135
2,35.18139,-82.79884,136
2,35.18133,-82.79894,137
2,35.18127,-82.79902,138
2,35.18119,-82.79913,139
2,35.1811,-82.79926,140
2,35.181,-82.79937,141
2,35.18089,-82.7995,142
2,35.18085,-82.79955,143
2,35.18084,-82.79957,144
2,35.18083,-82.79959,145
2,35.18078,-82.79963,146
2,35.18068,-82.79973,147
2,35.18065,-82.79977,148
2,35.18055,-82.79986,149
2,35.18039,-82.79999,150
2,35.18024,-82.80011,151
2,35.17993,-82.80033,152
2,35.17968,-82.80045,153
2,35.1795,-82.80053,154
2,35.17942,-82.80056,155
2,35.17933,-82.8006,156
2,35.17925,-82.80063,157
2,35.17915,-82.80067,158
2,35.17902,-82.80073,159
2,35.17901,-82.80073,160
2,35.179,-82.80073,161
2,35.17899,-82.80073,162
2,35.17898,-82.80073,163
2,35.17896,-82.80073,164
2,35.17843,-82.80093,165
2,35.17804,-82.80109,166
2,35.17792,-82.80114,167
2,35.17782,-82.80118,168
2,35.17765,-82.80126,169
2,35.17758,-82.80129,170
2,35.17749,-82.80134,171
2,35.17726,-82.80145,172
2,35.17725,-82.80146,173
2,35.17708,-82.80155,174
2,35.17707,-82.80156,175
2,35.1769,-82.80165,176
2,35.17674,-82.80174,177
2,35.17653,-82.80187,178
2,35.1763,-82.80201,179
2,35.17594,-82.80226,180
2,35.17549,-82.80259,181
2,35.17535,-82.8027,182
2,35.17518,-82.80285,183
2,35.17501,-82.80299,184
2,35.17486,-82.80311,185
2,35.17479,-82.80317,186
2,35.17453,-82.80341,187
2,35.17449,-82.80349,188
2,35.17432,-82.80366,189
2,35.17418,-82.80379,190
2,35.1741,-82.80388,191
2,35.17398,-82.80402,192
2,35.17393,-82.80408,193
2,35.17387,-82.80413,194
2,35.17367,-82.80431,195
2,35.17356,-82.80443,196
2,35.17343,-82.80456,197
2,35.17319,-82.80482,198
2,35.17316,-82.80486,199
2,35.17312,-82.80487,200
2,35.17305,-82.80494,201
2,35.17295,-82.80505,202
2,35.17273,-82.80528,203
2,35.17239,-82.80563,204
2,35.17224,-82.80579,205
2,35.17208,-82.80595,206
2,35.17192,-82.80613,207
2,35.17184,-82.80621,208
2,35.17181,-82.80627,209
2,35.17167,-82.80643,210
2,35.17144,-82.80668,211
2,35.17139,-82.80673,212
2,35.17118,-82.80694,213
2,35.17101,-82.80712,214
2,35.17099,-82.80714,215
2,35.17079,-82.80738,216
2,35.17075,-82.80731,217
2,35.17067,-82.80722,218
2,35.17056,-82.80709,219
2,35.17051,-82.80705,220
2,35.1705,-82.80704,221
2,35.17046,-82.80702,222
2,35.17041,-82.80699,223
2,35.17038,-82.80698,224
2,35.17029,-82.80695,225
2,35.17018,-82.80695,226
2,35.17014,-82.80695,227
2,35.1701,-82.80696,228
2,35.17,-82.80699,229
2,35.16948,-82.80721,230
2,35.16904,-82.80738,231
2,35.1691,-82.80768,232
2,35.16886,-82.80774,233
2,35.1691,-82.80768,234
2,35.16904,-82.80738,235
2,35.16902,-82.80739,236
2,35.16886,-82.80746,237
2,35.16824,-82.80771,238
2,35.16766,-82.80794,239
2,35.1669,-82.80825,240
2,35.16626,-82.80851,241
2,35.16551,-82.80881,242
2,35.16533,-82.80888,243
2,35.16427,-82.8093,244
2,35.16381,-82.80949,245
2,35.16334,-82.80972,246
2,35.16312,-82.80984,247
2,35.16276,-82.81006,248
2,35.16172,-82.81071,249
2,35.16157,-82.8108,250
2,35.16145,-82.81087,251
2,35.16123,-82.81098,252
2,35.16109,-82.81104,253
2,35.16097,-82.81108,254
2,35.16081,-82.81112,255
2,35.16061,-82.81113,256
2,35.16038,-82.81113,257
2,35.15993,-82.81111,258
2,35.15955,-82.81109,259
2,35.15954,-82.81109,260
2,35.15943,-82.81108,261
2,35.15929,-82.81106,262
2,35.15914,-82.81103,263
2,35.15904,-82.81099,264
2,35.15889,-82.81093,265
2,35.15877,-82.81086,266
2,35.15857,-82.81076,267
2,35.15847,-82.81072,268
2,35.1583,-82.81066,269
2,35.15818,-82.81063,270
2,35.15806,-82.81061,271
2,35.15781,-82.81058,272
2,35.15745,-82.81055,273
2,35.15709,-82.81052,274
2,35.1569,-82.8105,275
2,35.15672,-82.8105,276
2,35.15659,-82.8105,277
2,35.15651,-82.81052,278
2,35.15636,-82.81054,279
2,35.15628,-82.81057,280
2,35.15618,-82.81061,281
2,35.15608,-82.81065,282
2,35.15591,-82.81071,283
2,35.15577,-82.81077,284
2,35.15559,-82.81083,285
2,35.15553,-82.81086,286
2,35.15518,-82.81099,287
2,35.15508,-82.81103,288
2,35.15474,-82.81116,289
2,35.15467,-82.81119,290
2,35.15422,-82.81136,291
2,35.15416,-82.81138,292
2,35.15391,-82.81147,293
2,35.15381,-82.8115,294
2,35.15377,-82.81151,295
2,35.15366,-82.81154,296
2,35.15364,-82.81155,297
2,35.15348,-82.81158,298
2,35.15346,-82.81159,299
2,35.15328,-82.81161,300
2,35.15324,-82.81162,301
2,35.1531,-82.81162,302
2,35.15307,-82.81163,303
2,35.15292,-82.81163,304
2,35.15288,-82.81163,305
2,35.15274,-82.81162,306
2,35.15265,-82.81161,307
2,35.15256,-82.8116,308
2,35.15247,-82.81159,309
2,35.15238,-82.81157,310
2,35.1522,-82.81154,311
2,35.15203,-82.8115,312
2,35.15185,-82.81145,313
2,35.15177,-82.81144,314
2,35.15138,-82.81134,315
2,35.1513,-82.81132,316
2,35.15105,-82.81126,317
2,35.15038,-82.8111,318
2,35.15002,-82.81102,319
2,35.14949,-82.81089,320
2,35.14939,-82.81087,321
2,35.14914,-82.81082,322
2,35.14903,-82.8108,323
2,35.14892,-82.81079,324
2,35.14877,-82.8108,325
2,35.14864,-82.81083,326
2,35.14856,-82.81086,327
2,35.14853,-82.81086,328
2,35.14845,-82.8109,329
2,35.14838,-82.81093,330
2,35.14822,-82.81102,331
2,35.14815,-82.81105,332
2,35.14776,-82.81128,333
2,35.14737,-82.8115,334
2,35.14695,-82.81173,335
2,35.14652,-82.81197,336
2,35.14623,-82.81213,337
2,35.14593,-82.8123,338
2,35.1456,-82.81248,339
2,35.14521,-82.8127,340
2,35.14472,-82.81298,341
2,35.14435,-82.81319,342
2,35.1439,-82.81346,343
2,35.14368,-82.81361,344
2,35.1436,-82.81367,345
2,35.14323,-82.81395,346
2,35.14262,-82.81441,347
2,35.14231,-82.81465,348
2,35.14216,-82.81476,349
2,35.14166,-82.81515,350
2,35.14138,-82.81538,351
2,35.14115,-82.81558,352
2,35.14073,-82.81596,353
2,35.14059,-82.8161,354
2,35.14049,-82.8162,355
2,35.14043,-82.81627,356
2,35.14041,-82.8163,357
2,35.14038,-82.81634,358
2,35.14034,-82.8164,359
2,35.14032,-82.81642,360
2,35.14029,-82.81646,361
2,35.14018,-82.81664,362
2,35.14002,-82.81693,363
2,35.13993,-82.81707,364
2,35.13986,-82.8172,365
2,35.13977,-82.81738,366
2,35.13971,-82.81752,367
2,35.13964,-82.81769,368
2,35.1396,-82.81782,369
2,35.13958,-82.81788,370
2,35.13955,-82.81796,371
2,35.13952,-82.81809,372
2,35.13948,-82.81825,373
2,35.13945,-82.81839,374
2,35.13943,-82.81856,375
2,35.13941,-82.81883,376
2,35.13937,-82.81883,377
2,35.13936,-82.81883,378
2,35.13935,-82.81884,379
2,35.13934,-82.81884,380
2,35.13933,-82.81886,381
2,35.13933,-82.81887,382
2,35.13931,-82.8189,383
2,35.1393,-82.81892,384
2,35.13928,-82.81896,385
2,35.13928,-82.81897,386
2,35.13927,-82.81899,387
2,35.13927,-82.81901,388
2,35.13925,-82.81906,389
2,35.13925,-82.81907,390
2,35.13924,-82.81914,391
2,35.13924,-82.81916,392
2,35.13924,-82.81917,393
2,35.13924,-82.81919,394
2,35.13924,-82.81924,395
2,35.13925,-82.81936,396
2,35.13925,-82.81939,397
2,35.13926,-82.8196,398
2,35.13926,-82.81962,399
2,35.13926,-82.81964,400
2,35.13926,-82.8197,401
2,35.13925,-82.81979,402
2,35.13925,-82.81981,403
2,35.13924,-82.81984,404
2,35.13923,-82.81988,405
2,35.13923,-82.81989,406
2,35.1392,-82.81995,407
2,35.13918,-82.82003,408
2,35.13915,-82.82009,409
2,35.13914,-82.82011,410
2,35.139,-82.8204,411
2,35.13894,-82.82055,412
2,35.13893,-82.82057,413
2,35.13892,-82.82059,414
2,35.13891,-82.82064,415
2,35.1389,-82.82066,416
2,35.1389,-82.82068,417
2,35.1389,-82.82069,418
2,35.1389,-82.8207,419
2,35.1389,-82.82078,420
2,35.13893,-82.82086,421
2,35.13894,-82.82088,422
2,35.13895,-82.8209,423
2,35.13897,-82.82092,424
2,35.13899,-82.82094,425
2,35.13901,-82.82095,426
2,35.13913,-82.82103,427
2,35.13917,-82.82106,428
2,35.13942,-82.82121,429
2,35.13981,-82.82144,430
2,35.14079,-82.82203,431
2,35.14134,-82.82237,432
2,35.14241,-82.82301,433
2,35.14284,-82.82326,434
2,35.143,-82.82336,435
2,35.14334,-82.82356,436
2,35.14375,-82.8238,437
2,35.14394,-82.82393,438
2,35.14407,-82.82401,439
2,35.14423,-82.82411,440
2,35.14441,-82.82422,441
2,35.14455,-82.8243,442
2,35.14482,-82.82447,443
2,35.14503,-82.8246,444
2,35.1452,-82.82469,445
2,35.14557,-82.82491,446
2,35.14565,-82.82496,447
2,35.14568,-82.82498,448
2,35.14576,-82.82502,449
2,35.1459,-82.82508,450
2,35.14597,-82.82528,451
2,35.14605,-82.82548,452
2,35.14611,-82.82563,453
2,35.14615,-82.82575,454
2,35.14623,-82.82602,455
2,35.14626,-82.82613,456
2,35.14633,-82.82634,457
2,35.14637,-82.82645,458
2,35.14641,-82.82657,459
2,35.14642,-82.82659,460
2,35.14645,-82.82666,461
2,35.14649,-82.82673,462
2,35.14654,-82.82681,463
2,35.1466,-82.82687,464
2,35.14664,-82.82692,465
2,35.14667,-82.82694,466
2,35.14675,-82.82701,467
2,35.1468,-82.82704,468
2,35.14683,-82.82706,469
2,35.14691,-82.8271,470
2,35.14704,-82.82717,471
2,35.14713,-82.82721,472
2,35.14741,-82.82733,473
2,35.14758,-82.82741,474
2,35.14768,-82.82746,475
2,35.14774,-82.82749,476
2,35.14791,-82.82757,477
2,35.14808,-82.82764,478
2,35.14819,-82.82769,479
2,35.14825,-82.82773,480
2,35.14826,-82.82774,481
2,35.14834,-82.82779,482
2,35.14841,-82.82784,483
2,35.14846,-82.82789,484
2,35.14853,-82.82795,485
2,35.14854,-82.82797,486
2,35.14859,-82.82803,487
2,35.14862,-82.82808,488
2,35.14866,-82.82814,489
2,35.14869,-82.82821,490
2,35.14871,-82.82827,491
2,35.14875,-82.82838,492
2,35.14879,-82.82849,493
2,35.1488,-82.82856,494
2,35.1488,-82.82858,495
2,35.14881,-82.82862,496
2,35.14882,-82.82872,497
2,35.14883,-82.82881,498
2,35.14883,-82.82884,499
2,35.14885,-82.82899,500
2,35.14885,-82.82901,501
2,35.14885,-82.82906,502
2,35.14887,-82.82928,503
2,35.14887,-82.82933,504
2,35.14889,-82.82949,505
2,35.1489,-82.82965,506
2,35.14892,-82.82993,507
2,35.14894,-82.83022,508
2,35.14895,-82.83031,509
2,35.14896,-82.83055,510
2,35.14898,-82.83077,511
2,35.14899,-82.83099,512
2,35.14899,-82.83101,513
2,35.14902,-82.8313,514
2,35.14904,-82.83152,515
2,35.14906,-82.83162,516
2,35.14893,-82.83172,517
2,35.14881,-82.83179,518
2,35.1487,-82.83188,519
2,35.14861,-82.83195,520
2,35.14852,-82.83202,521
2,35.14841,-82.83211,522
2,35.14829,-82.83222,523
2,35.14822,-82.83229,524
2,35.14819,-82.83233,525
2,35.14811,-82.83242,526
2,35.14807,-82.83247,527
2,35.14795,-82.83262,528
2,35.14786,-82.83273,529
2,35.14784,-82.83276,530
2,35.14775,-82.83289,531
2,35.14767,-82.83301,532
2,35.14764,-82.83304,533
2,35.14762,-82.83308,534
2,35.14753,-82.83321,535
3,35.19888,-82.78188,0
3,35.19881,-82.78193,1
3,35.1987,-82.78169,2
3,35.19847,-82.78189,3
3,35.19837,-82.7816,4
3,35.19827,-82.78134,5
3,35.19794,-82.78158,6
3,35.19769,-82.78175,7
3,35.19754,-82.78186,8
3,35.19739,-82.78195,9
3,35.19691,-82.78222,10
3,35.19683,-82.78227,11
3,35.19659,-82.78238,12
3,35.19641,-82.78247,13
3,35.19622,-82.78256,14
3,35.19608,-82.78262,15
3,35.1959,-82.78271,16
3,35.19573,-82.78279,17
3,35.19559,-82.78285,18
3,35.19538,-82.78295,19
3,35.19523,-82.78302,20
3,35.19502,-82.78312,21
3,35.19482,-82.78321,22
3,35.19459,-82.78332,23
3,35.19436,-82.78344,24
3,35.1942,-82.78353,25
3,35.19401,-82.78365,26
3,35.19376,-82.78381,27
3,35.19355,-82.78395,28
3,35.19354,-82.78395,29
3,35.19353,-82.78396,30
3,35.19348,-82.78397,31
3,35.1934,-82.78403,32
3,35.19327,-82.78412,33
3,35.19317,-82.7842,34
3,35.19306,-82.78429,35
3,35.19291,-82.78441,36
3,35.19277,-82.78452,37
3,35.19256,-82.7847,38
3,35.19233,-82.78492,39
3,35.1922,-82.78504,40
3,35.192,-82.78524,41
3,35.19182,-82.78543,42
3,35.19163,-82.78562,43
3,35.19116,-82.78613,44
3,35.19097,-82.78632,45
3,35.19027,-82.78706,46
3,35.19024,-82.78711,47
3,35.19024,-82.78712,48
3,35.19023,-82.78713,49
3,35.19021,-82.78715,50
3,35.19017,-82.78719,51
3,35.19008,-82.7873,52
3,35.18992,-82.78748,53
3,35.18974,-82.78768,54
3,35.18951,-82.78793,55
3,35.18937,-82.78807,56
3,35.18912,-82.7883,57
3,35.18889,-82.78851,58
3,35.18887,-82.78854,59
3,35.18885,-82.78854,60
3,35.18884,-82.78855,61
3,35.18882,-82.78855,62
3,35.18858,-82.78879,63
3,35.18832,-82.78904,64
3,35.18773,-82.78962,65
3,35.18768,-82.78968,66
3,35.18767,-82.7897,67
3,35.18766,-82.78971,68
3,35.18765,-82.78972,69
3,35.18765,-82.78973,70
3,35.18762,-82.78975,71
3,35.18755,-82.78983,72
3,35.18745,-82.78993,73
3,35.18734,-82.79004,74
3,35.18722,-82.79016,75
3,35.18715,-82.79022,76
3,35.18695,-82.79042,77
3,35.18673,-82.79061,78
3,35.18646,-82.79084,79
3,35.18629,-82.79097,80
3,35.18628,-82.79098,81
3,35.18627,-82.79099,82
3,35.18626,-82.791,83
3,35.18625,-82.791,84
3,35.18622,-82.79101,85
3,35.1859,-82.79129,86
3,35.18566,-82.79151,87
3,35.1854,-82.79173,88
3,35.18539,-82.79174,89
3,35.18525,-82.79186,90
3,35.18519,-82.79192,91
3,35.18505,-82.79204,92
3,35.18493,-82.79214,93
3,35.18482,-82.79225,94
3,35.18462,-82.79242,95
3,35.18446,-82.79257,96
3,35.18443,-82.7926,97
3,35.18435,-82.79268,98
3,35.18424,-82.7928,99
3,35.18416,-82.79289,100
3,35.18407,-82.79299,101
3,35.18406,-82.79301,102
3,35.18399,-82.79308,103
3,35.18384,-82.79327,104
3,35.18355,-82.79365,105
3,35.18353,-82.79369,106
3,35.18345,-82.7938,107
3,35.1834,-82.79389,108
3,35.18324,-82.79415,109
3,35.18311,-82.79437,110
3,35.18301,-82.79457,111
3,35.18292,-82.79475,112
3,35.18277,-82.79508,113
3,35.18267,-82.79535,114
3,35.18266,-82.79538,115
3,35.18262,-82.7955,116
3,35.18253,-82.79579,117
3,35.18251,-82.79584,118
3,35.18233,-82.79652,119
3,35.18225,-82.7968,120
3,35.1822,-82.79697,121
3,35.18212,-82.79723,122
3,35.18207,-82.79739,123
3,35.18203,-82.79752,124
3,35.182,-82.79759,125
3,35.18196,-82.79771,126
3,35.18193,-82.79779,127
3,35.18179,-82.79812,128
3,35.18174,-82.79822,129
3,35.18171,-82.79829,130
3,35.18165,-82.7984,131
3,35.18161,-82.79848,132
3,35.18156,-82.79858,133
3,35.1815,-82.79867,134
3,35.18145,-82.79876,135
3,35.18139,-82.79884,136
3,35.18133,-82.79894,137
3,35.18127,-82.79902,138
3,35.18119,-82.79913,139
3,35.1811,-82.79926,140
3,35.181,-82.79937,141
3,35.18089,-82.7995,142
3,35.18085,-82.79955,143
3,35.18084,-82.79957,144
3,35.18083,-82.79959,145
3,35.18078,-82.79963,146
3,35.18068,-82.79973,147
3,35.18065,-82.79977,148
3,35.18055,-82.79986,149
3,35.18039,-82.79999,150
3,35.18024,-82.80011,151
3,35.17993,-82.80033,152
3,35.17968,-82.80045,153
3,35.1795,-82.80053,154
3,35.17942,-82.80056,155
3,35.17933,-82.8006,156
3,35.17925,-82.80063,157
3,35.17915,-82.80067,158
3,35.17902,-82.80073,159
3,35.17901,-82.80073,160
3,35.179,-82.80073,161
3,35.17899,-82.80073,162
3,35.17898,-82.80073,163
3,35.17896,-82.80073,164
3,35.17843,-82.80093,165
3,35.17804,-82.80109,166
3,35.17792,-82.80114,167
3,35.17782,-82.80118,168
3,35.17765,-82.80126,169
3,35.17758,-82.80129,170
3,35.17749,-82.80134,171
3,35.17726,-82.80145,172
3,35.17725,-82.80146,173
3,35.17708,-82.80155,174
3,35.17707,-82.80156,175
3,35.1769,-82.80165,176
3,35.17674,-82.80174,177
3,35.17653,-82.80187,178
3,35.1763,-82.80201,179
3,35.17594,-82.80226,180
3,35.17549,-82.80259,181
3,35.17535,-82.8027,182
3,35.17518,-82.80285,183
3,35.17501,-82.80299,184
3,35.17486,-82.80311,185
3,35.17479,-82.80317,186
3,35.17453,-82.80341,187
3,35.17449,-82.80349,188
3,35.17432,-82.80366,189
3,35.17418,-82.80379,190
3,35.1741,-82.80388,191
3,35.17398,-82.80402,192
3,35.17393,-82.80408,193
3,35.17387,-82.80413,194
3,35.17367,-82.80431,195
3,35.17356,-82.80443,196
3,35.17343,-82.80456,197
3,35.17319,-82.80482,198
3,35.17316,-82.80486,199
3,35.17312,-82.80487,200
3,35.17305,-82.80494,201
3,35.17295,-82.80505,202
3,35.17273,-82.80528,203
3,35.17239,-82.80563,204
3,35.17224,-82.80579,205
3,35.17208,-82.80595,206
3,35.17192,-82.80613,207
3,35.17184,-82.80621,208
3,35.17181,-82.80627,209
3,35.17167,-82.80643,210
3,35.17144,-82.80668,211
3,35.17139,-82.80673,212
3,35.17118,-82.80694,213
3,35.17101,-82.80712,214
3,35.17099,-82.80714,215
3,35.17079,-82.80738,216
3,35.17075,-82.80731,217
3,35.17067,-82.80722,218
3,35.17056,-82.80709,219
3,35.17051,-82.80705,220
3,35.1705,-82.80704,221
3,35.17046,-82.80702,222
3,35.17041,-82.80699,223
3,35.17038,-82.80698,224
3,35.17029,-82.80695,225
3,35.17018,-82.80695,226
3,35.17014,-82.80695,227
3,35.1701,-82.80696,228
3,35.17,-82.80699,229
3,35.16948,-82.80721,230
3,35.16904,-82.80738,231
3,35.16905,-82.80745,232
3,35.16904,-82.80738,233
3,35.16902,-82.80739,234
3,35.16886,-82.80746,235
3,35.16824,-82.80771,236
3,35.16766,-82.80794,237
3,35.1669,-82.80825,238
3,35.16626,-82.80851,239
3,35.16551,-82.80881,240
3,35.16533,-82.80888,241
3,35.16427,-82.8093,242
3,35.16381,-82.80949,243
3,35.16334,-82.80972,244
3,35.16312,-82.80984,245
3,35.16276,-82.81006,246
3,35.16172,-82.81071,247
3,35.16157,-82.8108,248
3,35.16145,-82.81087,249
3,35.16123,-82.81098,250
3,35.16109,-82.81104,251
3,35.16106,-82.81105,252
3,35.16097,-82.81108,253
3,35.16081,-82.81112,254
3,35.16061,-82.81113,255
3,35.16038,-82.81113,256
3,35.16006,-82.81111,257
3,35.16004,-82.81111,258
3,35.15997,-82.81111,259
3,35.15993,-82.81111,260
3,35.1596,-82.8111,261
3,35.15954,-82.81109,262
3,35.15943,-82.81108,263
3,35.15929,-82.81106,264
3,35.15914,-82.81103,265
3,35.15904,-82.81099,266
3,35.15889,-82.81093,267
3,35.15877,-82.81086,268
3,35.15857,-82.81076,269
3,35.15847,-82.81072,270
3,35.1583,-82.81066,271
3,35.15818,-82.81063,272
3,35.15806,-82.81061,273
3,35.15781,-82.81058,274
3,35.15745,-82.81055,275
3,35.15709,-82.81052,276
3,35.1569,-82.8105,277
3,35.15672,-82.8105,278
3,35.15659,-82.8105,279
3,35.15651,-82.81052,280
3,35.15636,-82.81054,281
3,35.15628,-82.81057,282
3,35.15618,-82.81061,283
3,35.15608,-82.81065,284
3,35.15591,-82.81071,285
3,35.15577,-82.81077,286
3,35.15559,-82.81083,287
3,35.15553,-82.81086,288
3,35.15518,-82.81099,289
3,35.15508,-82.81103,290
3,35.15474,-82.81116,291
3,35.15467,-82.81119,292
3,35.15422,-82.81136,293
3,35.15416,-82.81138,294
3,35.15391,-82.81147,295
3,35.15381,-82.8115,296
3,35.15377,-82.81151,297
3,35.15366,-82.81154,298
3,35.15364,-82.81155,299
3,35.15348,-82.81158,300
3,35.15346,-82.81159,301
3,35.15328,-82.81161,302
3,35.15324,-82.81162,303
3,35.1531,-82.81162,304
3,35.15307,-82.81163,305
3,35.15292,-82.81163,306
3,35.15288,-82.81163,307
3,35.15274,-82.81162,308
3,35.15265,-82.81161,309
3,35.15256,-82.8116,310
3,35.15247,-82.81159,311
3,35.15238,-82.81157,312
3,35.1522,-82.81154,313
3,35.15203,-82.8115,314
3,35.15185,-82.81145,315
3,35.15177,-82.81144,316
3,35.15138,-82.81134,317
3,35.1513,-82.81132,318
3,35.15105,-82.81126,319
3,35.15038,-82.8111,320
3,35.15002,-82.81102,321
3,35.1497,-82.81094,322
3,35.14949,-82.81089,323
3,35.14939,-82.81087,324
3,35.14914,-82.81082,325
3,35.14903,-82.8108,326
3,35.14892,-82.81079,327
3,35.14877,-82.8108,328
3,35.14864,-82.81083,329
3,35.14856,-82.81086,330
3,35.14853,-82.81086,331
3,35.14845,-82.8109,332
3,35.14838,-82.81093,333
3,35.14822,-82.81102,334
3,35.14815,-82.81105,335
3,35.14776,-82.81128,336
3,35.14737,-82.8115,337
3,35.14695,-82.81173,338
3,35.14652,-82.81197,339
3,35.14623,-82.81213,340
3,35.14593,-82.8123,341
3,35.1456,-82.81248,342
3,35.14521,-82.8127,343
3,35.14472,-82.81298,344
3,35.14435,-82.81319,345
3,35.1439,-82.81346,346
3,35.14368,-82.81361,347
3,35.1436,-82.81367,348
3,35.14323,-82.81395,349
3,35.14262,-82.81441,350
3,35.14231,-82.81465,351
3,35.14216,-82.81476,352
3,35.14166,-82.81515,353
3,35.14138,-82.81538,354
3,35.14115,-82.81558,355
3,35.14073,-82.81596,356
3,35.14059,-82.8161,357
3,35.14049,-82.8162,358
3,35.14043,-82.81627,359
3,35.14041,-82.8163,360
3,35.14038,-82.81634,361
3,35.14034,-82.8164,362
3,35.14032,-82.81642,363
3,35.14029,-82.81646,364
3,35.14018,-82.81664,365
3,35.14002,-82.81693,366
3,35.13993,-82.81707,367
3,35.13986,-82.8172,368
3,35.13977,-82.81738,369
3,35.13971,-82.81752,370
3,35.13964,-82.81769,371
3,35.1396,-82.81782,372
3,35.13958,-82.81788,373
3,35.13955,-82.81796,374
3,35.13952,-82.81809,375
3,35.13948,-82.81825,376
3,35.13945,-82.81839,377
3,35.13943,-82.81856,378
3,35.13941,-82.81883,379
3,35.13937,-82.81883,380
3,35.13936,-82.81883,381
3,35.13935,-82.81884,382
3,35.13934,-82.81884,383
3,35.13933,-82.81886,384
3,35.13933,-82.81887,385
3,35.13931,-82.8189,386
3,35.1393,-82.81892,387
3,35.13928,-82.81896,388
3,35.13928,-82.81897,389
3,35.13927,-82.81899,390
3,35.13927,-82.81901,391
3,35.13925,-82.81906,392
3,35.13925,-82.81907,393
3,35.13924,-82.81914,394
3,35.13924,-82.81916,395
3,35.13924,-82.81917,396
3,35.13924,-82.81919,397
3,35.13924,-82.81924,398
3,35.13925,-82.81936,399
3,35.13925,-82.81939,400
3,35.13926,-82.8196,401
3,35.13926,-82.81962,402
3,35.13926,-82.81964,403
3,35.13926,-82.8197,404
3,35.13925,-82.81979,405
3,35.13925,-82.81981,406
3,35.13924,-82.81984,407
3,35.13923,-82.81988,408
3,35.13923,-82.81989,409
3,35.1392,-82.81995,410
3,35.13918,-82.82003,411
3,35.13915,-82.82009,412
3,35.13914,-82.82011,413
3,35.139,-82.8204,414
3,35.13894,-82.82055,415
3,35.13893,-82.82057,416
3,35.13892,-82.82059,417
3,35.13891,-82.82064,418
3,35.1389,-82.82066,419
3,35.1389,-82.82068,420
3,35.1389,-82.82069,421
3,35.1389,-82.8207,422
3,35.1389,-82.82078,423
3,35.13893,-82.82086,424
3,35.13894,-82.82088,425
3,35.13895,-82.8209,426
3,35.13897,-82.82092,427
3,35.13899,-82.82094,428
3,35.13901,-82.82095,429
3,35.13913,-82.82103,430
3,35.13917,-82.82106,431
3,35.13942,-82.82121,432
3,35.13981,-82.82144,433
3,35.14079,-82.82203,434
3,35.14134,-82.82237,435
3,35.14241,-82.82301,436
3,35.14284,-82.82326,437
3,35.143,-82.82336,438
3,35.14335,-82.82357,439
3,35.14375,-82.8238,440
3,35.14394,-82.82393,441
3,35.14407,-82.82401,442
3,35.14423,-82.82411,443
3,35.14441,-82.82422,444
3,35.14455,-82.8243,445
3,35.14482,-82.82447,446
3,35.14503,-82.8246,447
3,35.1452,-82.82469,448
3,35.14557,-82.82491,449
3,35.14565,-82.82496,450
3,35.14568,-82.82498,451
3,35.14576,-82.82502,452
3,35.1459,-82.82508,453
3,35.14597,-82.82528,454
3,35.14605,-82.82548,455
3,35.14611,-82.82563,456
3,35.14615,-82.82575,457
3,35.14623,-82.82602,458
3,35.14626,-82.82613,459
3,35.14633,-82.82634,460
3,35.14637,-82.82645,461
3,35.14641,-82.82657,462
3,35.14642,-82.82659,463
3,35.14645,-82.82666,464
3,35.14649,-82.82673,465
3,35.14654,-82.82681,466
3,35.1466,-82.82687,467
3,35.14664,-82.82692,468
3,35.14667,-82.82694,469
3,35.14675,-82.82701,470
3,35.1468,-82.82704,471
3,35.14683,-82.82706,472
3,35.14691,-82.8271,473
3,35.14704,-82.82717,474
3,35.14713,-82.82721,475
3,35.14741,-82.82733,476
3,35.14758,-82.82741,477
3,35.14768,-82.82746,478
3,35.14774,-82.82749,479
3,35.14791,-82.82757,480
3,35.14808,-82.82764,481
3,35.14819,-82.82769,482
3,35.14825,-82.82773,483
3,35.14826,-82.82774,484
3,35.14834,-82.82779,485
3,35.14841,-82.82784,486
3,35.14846,-82.82789,487
3,35.14853,-82.82795,488
3,35.14854,-82.82797,489
3,35.14859,-82.82803,490
3,35.14862,-82.82808,491
3,35.14866,-82.82814,492
3,35.14869,-82.82821,493
3,35.14871,-82.82827,494
3,35.14875,-82.82838,495
3,35.14879,-82.82849,496
3,35.1488,-82.82856,497
3,35.1488,-82.82858,498
3,35.14881,-82.82862,499
3,35.14882,-82.82872,500
3,35.14883,-82.82881,501
3,35.14883,-82.82884,502
3,35.14885,-82.82899,503
3,35.14885,-82.82901,504
3,35.14885,-82.82906,505
3,35.14887,-82.82928,506
3,35.14887,-82.82933,507
3,35.14889,-82.82949,508
3,35.1489,-82.82965,509
3,35.14892,-82.82993,510
3,35.14894,-82.83022,511
3,35.14895,-82.83031,512
3,35.14896,-82.83055,513
3,35.14898,-82.83077,514
3,35.14899,-82.83099,515
3,35.14899,-82.83101,516
3,35.14902,-82.8313,517
3,35.14904,-82.83152,518
3,35.14906,-82.83162,519
3,35.14893,-82.83172,520
3,35.14881,-82.83179,521
3,35.1487,-82.83188,522
3,35.14861,-82.83195,523
3,35.14852,-82.83202,524
3,35.14841,-82.83211,525
3,35.14829,-82.83222,526
3,35.14822,-82.83229,527
3,35.14819,-82.83233,528
3,35.14811,-82.83242,529
3,35.14807,-82.83247,530
3,35.14795,-82.83262,531
3,35.14786,-82.83273,532
3,35.14784,-82.83276,533
3,35.14775,-82.83289,534
3,35.14767,-82.83301,535
3,35.14764,-82.83304,536
3,35.14762,-82.83308,537
3,35.14753,-82.83321,538
3,35.14743,-82.83336,539
3,35.14735,-82.83342,540
3,35.14735,-82.83343,541
3,35.14724,-82.83358,542
3,35.1471,-82.83377,543
3,35.14698,-82.8339,544
3,35.14684,-82.83403,545
3,35.1467,-82.83416,546
3,35.14653,-82.8343,547
3,35.14641,-82.83439,548
3,35.1464,-82.83441,549
3,35.14625,-82.83453,550
3,35.14616,-82.83459,551
3,35.14603,-82.8347,552
3,35.14565,-82.83499,553
3,35.14534,-82.83523,554
3,35.1449,-82.83557,555
3,35.14475,-82.83569,556
3,35.14451,-82.83587,557
3,35.1444,-82.83597,558
3,35.14429,-82.8361,559
3,35.1442,-82.83621,560
3,35.14416,-82.83627,561
3,35.14407,-82.83641,562
3,35.14401,-82.83652,563
3,35.14399,-82.83657,564
3,35.14395,-82.83667,565
3,35.14391,-82.83676,566
3,35.14389,-82.83679,567
3,35.14384,-82.83694,568
3,35.14383,-82.83696,569
3,35.14379,-82.83711,570
3,35.14377,-82.83717,571
3,35.14374,-82.83727,572
3,35.14372,-82.83738,573
3,35.1437,-82.83746,574
3,35.14367,-82.83759,575
3,35.14367,-82.83762,576
3,35.14362,-82.83779,577
3,35.14362,-82.8378,578
3,35.14357,-82.83798,579
3,35.14356,-82.83801,580
3,35.14353,-82.83815,581
3,35.1435,-82.83822,582
3,35.14346,-82.83833,583
3,35.14341,-82.83846,584
3,35.14334,-82.83861,585
3,35.14327,-82.83874,586
3,35.14319,-82.83885,587
3,35.14312,-82.83897,588
3,35.14302,-82.8391,589
3,35.14294,-82.8392,590
3,35.14285,-82.83929,591
3,35.14264,-82.83943,592
3,35.14246,-82.83955,593
3,35.14245,-82.83955,594
3,35.14229,-82.83962,595
3,35.1422,-82.83967,596
3,35.14211,-82.83969,597
3,35.14198,-82.83972,598
3,35.14185,-82.83975,599
3,35.1416,-82.8398,600
3,35.14143,-82.83984,601
3,35.14126,-82.83989,602
3,35.14118,-82.83993,603
3,35.14112,-82.83996,604
3,35.14096,-82.84005,605
3,35.14086,-82.84012,606
3,35.14079,-82.84017,607
3,35.14075,-82.84019,608
3,35.14064,-82.84029,609
3,35.14056,-82.84037,610
3,35.14051,-82.84043,611
3,35.14046,-82.84048,612
3,35.14037,-82.84061,613
3,35.14029,-82.84073,614
3,35.14028,-82.84077,615
3,35.14018,-82.84095,616
3,35.14013,-82.8411,617
3,35.14006,-82.84132,618
3,35.14,-82.84156,619
3,35.13994,-82.84178,620
3,35.13998,-82.84185,621
3,35.13998,-82.84186,622
3,35.13999,-82.8419,623
3,35.13999,-82.84194,624
3,35.13998,-82.84201,625
3,35.13998,-82.84208,626
3,35.13996,-82.84217,627
3,35.13994,-82.84227,628
3,35.13994,-82.84228,629
3,35.13993,-82.84238,630
3,35.13993,-82.84249,631
3,35.13993,-82.8425,632
3,35.13995,-82.84272,633
3,35.13996,-82.84278,634
3,35.13998,-82.84293,635
3,35.14,-82.84304,636
3,35.14005,-82.84327,637
3,35.14014,-82.84356,638
3,35.14016,-82.8436,639
3,35.14025,-82.84391,640
3,35.14034,-82.84412,641
3,35.14036,-82.84417,642
3,35.14039,-82.84422,643
3,35.14043,-82.84426,644
3,35.14049,-82.84431,645
3,35.14052,-82.84434,646
3,35.14058,-82.84436,647
3,35.14065,-82.84436,648
3,35.14074,-82.84437,649
3,35.14082,-82.84437,650
3,35.14092,-82.84437,651
3,35.14101,-82.84437,652
3,35.14114,-82.8444,653
3,35.14129,-82.84445,654
3,35.14138,-82.84451,655
3,35.14145,-82.84458,656
3,35.14152,-82.84465,657
3,35.14162,-82.84473,658
3,35.1417,-82.84478,659
3,35.14182,-82.84487,660
3,35.14193,-82.84497,661
3,35.14197,-82.845,662
3,35.14211,-82.84513,663
3,35.14216,-82.84517,664
3,35.1424,-82.8454,665
3,35.14246,-82.8455,666
3,35.14251,-82.84557,667
3,35.14252,-82.8456,668
3,35.14258,-82.84571,669
3,35.14263,-82.84585,670
3,35.14265,-82.84594,671
3,35.14267,-82.84608,672
3,35.14263,-82.8462,673
3,35.14261,-82.84627,674
3,35.14257,-82.84633,675
3,35.14247,-82.8465,676
3,35.14239,-82.84663,677
3,35.14239,-82.84664,678
3,35.14227,-82.8468,679
3,35.14225,-82.84683,680
3,35.14206,-82.84709,681
3,35.14195,-82.84724,682
3,35.14194,-82.84725,683
3,35.14176,-82.84748,684
3,35.14157,-82.84771,685
3,35.14141,-82.84792,686
3,35.14132,-82.84803,687
3,35.14119,-82.84818,688
3,35.14111,-82.84828,689
3,35.14089,-82.84856,690
3,35.14055,-82.84895,691
3,35.1405,-82.84903,692
3,35.14025,-82.84933,693
3,35.13995,-82.84973,694
3,35.13987,-82.84984,695
3,35.13979,-82.84993,696
3,35.1397,-82.84999,697
3,35.13966,-82.85001,698
3,35.13964,-82.85002,699
3,35.13962,-82.85002,700
3,35.13961,-82.85001,701
3,35.13959,-82.85001,702
3,35.13958,-82.85,703
3,35.13956,-82.84999,704
3,35.13967,-82.84968,705
3,35.13979,-82.84932,706
3,35.1399,-82.84896,707
3,35.13998,-82.84859,708
3,35.14003,-82.84832,709
3,35.14008,-82.84804,710
3,35.14013,-82.84766,711
3,35.14017,-82.84728,712
3,35.1402,-82.84694,713
3,35.14021,-82.84674,714
3,35.14022,-82.84653,715
3,35.14023,-82.84622,716
3,35.14023,-82.84601,717
3,35.14022,-82.84575,718
3,35.14021,-82.84541,719
3,35.14019,-82.84525,720
3,35.14017,-82.84495,721
3,35.14015,-82.84481,722
3,35.14011,-82.84454,723
3,35.14009,-82.84438,724
3,35.14006,-82.84417,725
3,35.14002,-82.84391,726
3,35.13999,-82.84373,727
3,35.13996,-82.84353,728
3,35.13996,-82.84352,729
3,35.1399,-82.84314,730
3,35.13986,-82.84284,731
3,35.13984,-82.84258,732
3,35.13985,-82.84234,733
3,35.13986,-82.84213,734
3,35.1399,-82.84194,735
3,35.13994,-82.84178,736
3,35.14,-82.84156,737
3,35.14006,-82.84132,738
3,35.14013,-82.8411,739
3,35.14018,-82.84095,740
3,35.14028,-82.84077,741
3,35.14029,-82.84073,742
3,35.14037,-82.84061,743
3,35.14046,-82.84048,744
3,35.14051,-82.84043,745
3,35.14056,-82.84037,746
3,35.14064,-82.84029,747
3,35.14075,-82.84019,748
3,35.14079,-82.84017,749
3,35.14086,-82.84012,750
3,35.14096,-82.84005,751
3,35.14112,-82.83996,752
3,35.14118,-82.83993,753
3,35.14126,-82.83989,754
3,35.14143,-82.83984,755
3,35.1416,-82.8398,756
3,35.14185,-82.83975,757
3,35.14198,-82.83972,758
3,35.14211,-82.83969,759
3,35.1422,-82.83967,760
3,35.14229,-82.83962,761
3,35.14245,-82.83955,762
3,35.14246,-82.83955,763
3,35.14264,-82.83943,764
3,35.14285,-82.83929,765
3,35.14294,-82.8392,766
3,35.14302,-82.8391,767
3,35.14312,-82.83897,768
3,35.14319,-82.83885,769
3,35.14327,-82.83874,770
3,35.14334,-82.83861,771
3,35.14341,-82.83846,772
3,35.14346,-82.83833,773
3,35.1435,-82.83822,774
3,35.14353,-82.83815,775
3,35.14356,-82.83801,776
3,35.14357,-82.83798,777
3,35.14362,-82.8378,778
3,35.14362,-82.83779,779
3,35.14367,-82.83762,780
3,35.14367,-82.83759,781
3,35.1437,-82.83746,782
3,35.14372,-82.83738,783
3,35.14374,-82.83727,784
3,35.14377,-82.83717,785
3,35.14379,-82.83711,786
3,35.14383,-82.83696,787
3,35.14384,-82.83694,788
3,35.14389,-82.83679,789
3,35.14391,-82.83676,790
3,35.14395,-82.83667,791
3,35.14399,-82.83657,792
3,35.14401,-82.83652,793
3,35.14407,-82.83641,794
3,35.14416,-82.83627,795
3,35.1442,-82.83621,796
3,35.14429,-82.8361,797
3,35.1444,-82.83597,798
3,35.14451,-82.83587,799
3,35.14475,-82.83569,800
3,35.1449,-82.83557,801
3,35.14534,-82.83523,802
3,35.14565,-82.83499,803
3,35.14603,-82.8347,804
3,35.14616,-82.83459,805
3,35.14625,-82.83453,806
3,35.1464,-82.83441,807
3,35.14641,-82.83439,808
3,35.14653,-82.8343,809
3,35.1467,-82.83416,810
3,35.14684,-82.83403,811
3,35.14698,-82.8339,812
3,35.1471,-82.83377,813
3,35.14724,-82.83358,814
3,35.14735,-82.83343,815
3,35.14735,-82.83342,816
3,35.14739,-82.83332,817
3,35.14755,-82.83309,818
3,35.14762,-82.83298,819
3,35.1477,-82.83286,820
3,35.14774,-82.83281,821
3,35.14782,-82.83267,822
3,35.14792,-82.83254,823
3,35.14806,-82.83236,824
3,35.14819,-82.83221,825
3,35.14823,-82.83217,826
3,35.14829,-82.83211,827
3,35.14837,-82.83203,828
3,35.14842,-82.83198,829
3,35.14846,-82.83195,830
3,35.14858,-82.83185,831
3,35.14866,-82.83179,832
3,35.14868,-82.83178,833
3,35.14877,-82.83171,834
3,35.14892,-82.83161,835
3,35.14904,-82.83152,836
3,35.14913,-82.83153,837
3,35.14929,-82.83145,838
3,35.14945,-82.83137,839
3,35.14951,-82.83134,840
3,35.14966,-82.83125,841
3,35.14983,-82.83114,842
3,35.14989,-82.8311,843
3,35.15006,-82.83098,844
3,35.15027,-82.83081,845
3,35.15048,-82.83061,846
3,35.15069,-82.83036,847
3,35.15081,-82.83022,848
3,35.15094,-82.83003,849
3,35.15117,-82.82966,850
3,35.15126,-82.8295,851
3,35.15131,-82.82941,852
3,35.15136,-82.82932,853
3,35.15152,-82.82902,854
3,35.15176,-82.82859,855
3,35.15176,-82.82858,856
3,35.15186,-82.82841,857
3,35.15193,-82.82829,858
3,35.15198,-82.82824,859
3,35.15206,-82.82812,860
3,35.15222,-82.82792,861
3,35.15227,-82.82787,862
3,35.15245,-82.82767,863
3,35.1525,-82.82764,864
3,35.15261,-82.82754,865
3,35.15265,-82.82751,866
3,35.1528,-82.82739,867
3,35.15282,-82.82738,868
3,35.15307,-82.82722,869
3,35.15331,-82.82709,870
3,35.15349,-82.82699,871
3,35.15365,-82.82692,872
3,35.15381,-82.82684,873
3,35.15396,-82.82676,874
3,35.15403,-82.82673,875
3,35.15428,-82.82659,876
3,35.1544,-82.82652,877
3,35.15447,-82.82647,878
3,35.15464,-82.82634,879
3,35.15479,-82.82623,880
3,35.15496,-82.82609,881
3,35.155,-82.82605,882
3,35.15521,-82.82587,883
3,35.15537,-82.82571,884
3,35.15558,-82.82552,885
3,35.15578,-82.82534,886
3,35.15602,-82.82514,887
3,35.15611,-82.82505,888
3,35.15616,-82.82501,889
3,35.1565,-82.8247,890
3,35.1566,-82.82462,891
3,35.15674,-82.82448,892
3,35.15697,-82.82428,893
3,35.15718,-82.8241,894
3,35.15731,-82.82397,895
3,35.15761,-82.82371,896
3,35.15766,-82.82367,897
3,35.1579,-82.82345,898
3,35.15826,-82.82312,899
3,35.15852,-82.82287,900
3,35.15866,-82.82273,901
3,35.1589,-82.82248,902
3,35.15921,-82.82214,903
3,35.15946,-82.82186,904
3,35.1596,-82.82171,905
3,35.15962,-82.82169,906
3,35.16006,-82.82114,907
3,35.16038,-82.82072,908
3,35.16078,-82.8202,909
3,35.1609,-82.82002,910
3,35.1611,-82.81972,911
3,35.16123,-82.81952,912
3,35.16134,-82.81934,913
3,35.16138,-82.81928,914
3,35.16145,-82.81916,915
3,35.16171,-82.81871,916
3,35.16195,-82.81826,917
3,35.1624,-82.81745,918
3,35.16267,-82.81698,919
3,35.16269,-82.81695,920
3,35.16316,-82.81613,921
3,35.16329,-82.8159,922
3,35.1634,-82.81573,923
3,35.16361,-82.81537,924
3,35.16373,-82.81519,925
3,35.16393,-82.81489,926
3,35.164,-82.81478,927
3,35.16409,-82.81465,928
3,35.16428,-82.81437,929
3,35.16456,-82.81401,930
3,35.16461,-82.81394,931
3,35.16467,-82.81386,932
3,35.16494,-82.81354,933
3,35.16532,-82.8131,934
3,35.16563,-82.81275,935
3,35.16596,-82.81239,936
3,35.16622,-82.81211,937
3,35.16661,-82.81171,938
3,35.16687,-82.81143,939
3,35.16728,-82.81101,940
3,35.16746,-82.81082,941
3,35.16778,-82.81048,942
3,35.16794,-82.81032,943
3,35.16851,-82.80971,944
3,35.1689,-82.80929,945
3,35.16921,-82.80898,946
3,35.16956,-82.8086,947
3,35.16973,-82.80842,948
3,35.16977,-82.80836,949
3,35.16994,-82.80816,950
3,35.17006,-82.80803,951
3,35.17025,-82.80784,952
3,35.1703,-82.80779,953
3,35.17049,-82.80758,954
3,35.17062,-82.80745,955
3,35.17075,-82.80731,956
3,35.17097,-82.80708,957
3,35.17117,-82.80687,958
3,35.17124,-82.8068,959
3,35.17146,-82.80657,960
3,35.17162,-82.80641,961
3,35.17179,-82.80623,962
3,35.17184,-82.80621,963
3,35.17192,-82.80613,964
3,35.17208,-82.80595,965
3,35.17224,-82.80579,966
3,35.17239,-82.80563,967
3,35.17273,-82.80528,968
3,35.17295,-82.80505,969
3,35.17305,-82.80494,970
3,35.17312,-82.80487,971
3,35.17313,-82.80483,972
3,35.17325,-82.80469,973
3,35.17347,-82.80445,974
3,35.17353,-82.80438,975
3,35.17369,-82.80421,976
3,35.1737,-82.8042,977
3,35.17383,-82.80405,978
3,35.17387,-82.804,979
3,35.17396,-82.80391,980
3,35.17406,-82.80381,981
3,35.17422,-82.80367,982
3,35.17438,-82.80352,983
3,35.17447,-82.80344,984
3,35.17453,-82.80341,985
3,35.17479,-82.80317,986
3,35.17486,-82.80311,987
3,35.17501,-82.80299,988
3,35.17518,-82.80285,989
3,35.17535,-82.8027,990
3,35.17549,-82.80259,991
3,35.17594,-82.80226,992
3,35.1763,-82.80201,993
3,35.17653,-82.80187,994
3,35.17674,-82.80174,995
3,35.1769,-82.80165,996
3,35.17707,-82.80156,997
3,35.17708,-82.80155,998
3,35.17725,-82.80146,999
3,35.17726,-82.80145,1000
3,35.17749,-82.80134,1001
3,35.17758,-82.80129,1002
3,35.17765,-82.80126,1003
3,35.17782,-82.80118,1004
3,35.17792,-82.80114,1005
3,35.17804,-82.80109,1006
3,35.17843,-82.80093,1007
3,35.17896,-82.80073,1008
3,35.17898,-82.8007,1009
3,35.17899,-82.80069,1010
3,35.179,-82.80068,1011
3,35.17914,-82.80062,1012
3,35.17931,-82.80054,1013
3,35.17935,-82.80052,1014
3,35.17953,-82.80044,1015
3,35.17964,-82.80038,1016
3,35.1797,-82.80035,1017
3,35.17989,-82.80025,1018
3,35.18015,-82.80008,1019
3,35.18039,-82.79992,1020
3,35.18052,-82.79981,1021
3,35.18058,-82.79976,1022
3,35.1807,-82.79965,1023
3,35.18079,-82.79957,1024
3,35.18082,-82.79955,1025
3,35.18084,-82.79953,1026
3,35.18089,-82.7995,1027
3,35.181,-82.79937,1028
3,35.1811,-82.79926,1029
3,35.18119,-82.79913,1030
3,35.18127,-82.79902,1031
3,35.18133,-82.79894,1032
3,35.18139,-82.79884,1033
3,35.18145,-82.79876,1034
3,35.1815,-82.79867,1035
3,35.18156,-82.79858,1036
3,35.18161,-82.79848,1037
3,35.18165,-82.7984,1038
3,35.18171,-82.79829,1039
3,35.18174,-82.79822,1040
3,35.18179,-82.79812,1041
3,35.18193,-82.79779,1042
3,35.18196,-82.79771,1043
3,35.182,-82.79759,1044
3,35.18203,-82.79752,1045
3,35.18207,-82.79739,1046
3,35.18212,-82.79723,1047
3,35.1822,-82.79697,1048
3,35.18225,-82.7968,1049
3,35.18233,-82.79652,1050
3,35.18251,-82.79584,1051
3,35.18253,-82.79579,1052
3,35.18262,-82.7955,1053
3,35.18266,-82.79538,1054
3,35.18267,-82.79535,1055
3,35.18277,-82.79508,1056
3,35.18292,-82.79475,1057
3,35.18301,-82.79457,1058
3,35.18311,-82.79437,1059
3,35.18324,-82.79415,1060
3,35.1834,-82.79389,1061
3,35.18345,-82.7938,1062
3,35.18353,-82.79369,1063
3,35.18355,-82.79365,1064
3,35.18384,-82.79327,1065
3,35.18399,-82.79308,1066
3,35.18406,-82.79301,1067
3,35.18407,-82.79299,1068
3,35.18416,-82.79289,1069
3,35.18424,-82.7928,1070
3,35.18435,-82.79268,1071
3,35.18443,-82.7926,1072
3,35.18446,-82.79257,1073
3,35.18462,-82.79242,1074
3,35.18482,-82.79225,1075
3,35.18493,-82.79214,1076
3,35.18505,-82.79204,1077
3,35.18519,-82.79192,1078
3,35.18525,-82.79186,1079
3,35.18539,-82.79174,1080
3,35.1854,-82.79173,1081
3,35.18566,-82.79151,1082
3,35.1859,-82.79129,1083
3,35.18622,-82.79101,1084
3,35.18623,-82.79097,1085
3,35.18624,-82.79096,1086
3,35.18625,-82.79095,1087
3,35.18638,-82.79083,1088
3,35.18648,-82.79074,1089
3,35.18655,-82.79068,1090
3,35.18669,-82.79055,1091
3,35.1868,-82.79045,1092
3,35.1869,-82.79035,1093
3,35.18708,-82.7902,1094
3,35.18726,-82.79004,1095
3,35.1875,-82.78981,1096
3,35.18761,-82.7897,1097
3,35.18763,-82.78968,1098
3,35.18764,-82.78967,1099
3,35.18766,-82.78966,1100
3,35.18766,-82.78965,1101
3,35.18773,-82.78962,1102
3,35.18832,-82.78904,1103
3,35.18858,-82.78879,1104
3,35.18882,-82.78855,1105
3,35.18883,-82.78853,1106
3,35.18884,-82.78849,1107
3,35.1892,-82.78814,1108
3,35.18947,-82.78788,1109
3,35.18967,-82.78767,1110
3,35.18993,-82.78739,1111
3,35.19011,-82.78721,1112
3,35.19018,-82.78713,1113
3,35.1902,-82.78711,1114
3,35.19021,-82.7871,1115
3,35.19023,-82.78709,1116
3,35.19027,-82.78706,1117
3,35.19097,-82.78632,1118
3,35.19116,-82.78613,1119
3,35.19163,-82.78562,1120
3,35.19182,-82.78543,1121
3,35.192,-82.78524,1122
3,35.1922,-82.78504,1123
3,35.19233,-82.78492,1124
3,35.19256,-82.7847,1125
3,35.19277,-82.78452,1126
3,35.19291,-82.78441,1127
3,35.19306,-82.78429,1128
3,35.19317,-82.7842,1129
3,35.19327,-82.78412,1130
3,35.1934,-82.78403,1131
3,35.19348,-82.78397,1132
3,35.19352,-82.78392,1133
3,35.19353,-82.78391,1134
3,35.19354,-82.7839,1135
3,35.19364,-82.78382,1136
3,35.19384,-82.78367,1137
3,35.19385,-82.78367,1138
3,35.19404,-82.78354,1139
3,35.19407,-82.78352,1140
3,35.19433,-82.78337,1141
3,35.1947,-82.7832,1142
3,35.19491,-82.7831,1143
3,35.19507,-82.78302,1144
3,35.19517,-82.78298,1145
3,35.19527,-82.78294,1146
3,35.19548,-82.78284,1147
3,35.19568,-82.78273,1148
3,35.19578,-82.78268,1149
3,35.19589,-82.78263,1150
3,35.19608,-82.78253,1151
3,35.19629,-82.78243,1152
3,35.19658,-82.78228,1153
3,35.19681,-82.78216,1154
3,35.19706,-82.78201,1155
3,35.19723,-82.78192,1156
3,35.19761,-82.78165,1157
3,35.19775,-82.78154,1158
3,35.19778,-82.78151,1159
3,35.19796,-82.78137,1160
3,35.19819,-82.78116,1161
3,35.19844,-82.78093,1162
3,35.19861,-82.78076,1163
3,35.19878,-82.7806,1164
3,35.19902,-82.78035,1165
3,35.19904,-82.78034,1166
3,35.19919,-82.78019,1167
3,35.19936,-82.78002,1168
3,35.19952,-82.77985,1169
3,35.19966,-82.7797,1170
3,35.2002,-82.77905,1171
3,35.20034,-82.77885,1172
3,35.20046,-82.77868,1173
3,35.20055,-82.77855,1174
3,35.20061,-82.77844,1175
3,35.20066,-82.77836,1176
3,35.20068,-82.77833,1177
3,35.20075,-82.7782,1178
3,35.20087,-82.77798,1179
3,35.20097,-82.77776,1180
3,35.20104,-82.77761,1181
3,35.20111,-82.77744,1182
3,35.2012,-82.7772,1183
3,35.20126,-82.77702,1184
3,35.20128,-82.77696,1185
3,35.20135,-82.77671,1186
3,35.20146,-82.77628,1187
3,35.20151,-82.77598,1188
3,35.20154,-82.77583,1189
3,35.20155,-82.77575,1190
3,35.20155,-82.77574,1191
3,35.20156,-82.77564,1192
3,35.20157,-82.77553,1193
3,35.20158,-82.77543,1194
3,35.2016,-82.7752,1195
3,35.20161,-82.77504,1196
3,35.20162,-82.77488,1197
3,35.20162,-82.77466,1198
3,35.20162,-82.77465,1199
3,35.20163,-82.77439,1200
3,35.20163,-82.77413,1201
3,35.20164,-82.774,1202
3,35.20164,-82.77387,1203
3,35.20165,-82.77361,1204
3,35.20166,-82.77335,1205
3,35.20169,-82.77308,1206
3,35.20173,-82.77268,1207
3,35.20178,-82.7723,1208
3,35.20181,-82.77214,1209
3,35.20182,-82.77207,1210
3,35.20185,-82.77191,1211
3,35.2019,-82.77167,1212
3,35.20194,-82.7715,1213
3,35.20199,-82.77128,1214
3,35.20205,-82.77106,1215
3,35.20213,-82.7708,1216
3,35.20217,-82.77068,1217
3,35.20221,-82.77055,1218
3,35.20229,-82.77031,1219
3,35.2023,-82.77028,1220
3,35.20238,-82.77007,1221
3,35.20247,-82.76984,1222
3,35.20257,-82.7696,1223
3,35.20266,-82.7694,1224
3,35.20278,-82.76914,1225
3,35.20289,-82.76892,1226
3,35.20301,-82.7687,1227
3,35.20314,-82.76849,1228
3,35.20326,-82.76829,1229
3,35.20335,-82.76816,1230
3,35.20339,-82.7681,1231
3,35.20348,-82.76798,1232
3,35.20356,-82.76787,1233
3,35.20366,-82.76775,1234
3,35.20378,-82.7676,1235
3,35.20387,-82.7675,1236
3,35.20392,-82.76745,1237
3,35.20409,-82.76728,1238
3,35.20419,-82.76718,1239
3,35.20428,-82.7671,1240
3,35.20443,-82.76697,1241
3,35.20462,-82.76682,1242
3,35.20472,-82.76674,1243
3,35.2049,-82.76662,1244
3,35.20491,-82.76661,1245
3,35.2051,-82.76648,1246
3,35.20528,-82.76636,1247
3,35.20547,-82.76623,1248
3,35.20576,-82.76604,1249
3,35.20585,-82.76598,1250
3,35.20595,-82.76592,1251
3,35.20616,-82.76577,1252
3,35.20623,-82.76573,1253
3,35.20632,-82.76567,1254
3,35.20642,-82.76561,1255
3,35.20648,-82.76556,1256
3,35.2066,-82.76548,1257
3,35.20664,-82.76546,1258
3,35.20685,-82.76532,1259
3,35.20735,-82.76499,1260
3,35.20784,-82.76466,1261
3,35.20811,-82.76448,1262
3,35.20832,-82.76434,1263
3,35.20859,-82.76417,1264
3,35.20887,-82.76398,1265
3,35.20906,-82.76386,1266
3,35.20926,-82.76373,1267
3,35.20944,-82.76361,1268
3,35.20962,-82.76349,1269
3,35.20982,-82.76335,1270
3,35.21015,-82.76309,1271
3,35.21018,-82.76307,1272
3,35.21021,-82.76305,1273
3,35.21023,-82.76304,1274
3,35.21025,-82.76303,1275
3,35.21027,-82.76303,1276
3,35.21035,-82.76301,1277
3,35.21073,-82.76265,1278
3,35.21092,-82.76247,1279
3,35.21098,-82.7624,1280
3,35.21113,-82.76226,1281
3,35.21138,-82.76201,1282
3,35.21151,-82.76188,1283
3,35.212,-82.76138,1284
3,35.21212,-82.76126,1285
3,35.21229,-82.76107,1286
3,35.21238,-82.76095,1287
3,35.21249,-82.76081,1288
3,35.21258,-82.76068,1289
3,35.21261,-82.76063,1290
3,35.21267,-82.76053,1291
3,35.21279,-82.76036,1292
3,35.21292,-82.76013,1293
3,35.21308,-82.75985,1294
3,35.21333,-82.75943,1295
3,35.21352,-82.75909,1296
3,35.21366,-82.75885,1297
3,35.2139,-82.75845,1298
3,35.21414,-82.75802,1299
3,35.21459,-82.75724,1300
3,35.21471,-82.75704,1301
3,35.21504,-82.75641,1302
3,35.21529,-82.75587,1303
3,35.21551,-82.75537,1304
3,35.21564,-82.75505,1305
3,35.21587,-82.75445,1306
3,35.21614,-82.75372,1307
3,35.21644,-82.75295,1308
3,35.21654,-82.75268,1309
3,35.21661,-82.75249,1310
3,35.21666,-82.75238,1311
3,35.21672,-82.75226,1312
3,35.21679,-82.75213,1313
3,35.21686,-82.75199,1314
3,35.21692,-82.75189,1315
3,35.217,-82.75176,1316
3,35.21711,-82.75159,1317
3,35.21722,-82.75143,1318
3,35.21735,-82.75128,1319
3,35.2174,-82.75122,1320
3,35.21747,-82.75113,1321
3,35.21748,-82.75113,1322
3,35.21757,-82.75103,1323
3,35.21762,-82.75098,1324
3,35.21765,-82.75095,1325
3,35.21779,-82.75083,1326
3,35.21792,-82.75071,1327
3,35.21805,-82.7506,1328
3,35.21808,-82.75058,1329
3,35.21826,-82.75042,1330
3,35.2185,-82.75023,1331
3,35.21852,-82.75022,1332
3,35.21865,-82.75011,1333
3,35.21876,-82.75002,1334
3,35.2188,-82.74998,1335
3,35.21899,-82.74982,1336
3,35.21917,-82.74968,1337
3,35.21932,-82.74956,1338
3,35.21939,-82.74949,1339
3,35.21946,-82.74944,1340
3,35.21946,-82.74943,1341
3,35.21952,-82.74938,1342
3,35.21961,-82.7493,1343
3,35.21961,-82.74929,1344
3,35.2197,-82.7492,1345
3,35.21978,-82.74912,1346
3,35.21984,-82.74906,1347
3,35.21991,-82.74898,1348
3,35.22,-82.74887,1349
3,35.22011,-82.74873,1350
3,35.22018,-82.74863,1351
3,35.22039,-82.74831,1352
3,35.22052,-82.74805,1353
3,35.22057,-82.74795,1354
3,35.2206,-82.74789,1355
3,35.22067,-82.74772,1356
3,35.22071,-82.74762,1357
3,35.2208,-82.74739,1358
3,35.22092,-82.747,1359
3,35.22097,-82.74677,1360
3,35.22104,-82.74649,1361
3,35.2211,-82.74622,1362
3,35.22116,-82.74596,1363
3,35.22122,-82.7457,1364
3,35.22126,-82.74552,1365
3,35.2213,-82.74541,1366
3,35.22132,-82.74533,1367
3,35.22134,-82.74525,1368
3,35.22138,-82.74515,1369
3,35.22139,-82.74512,1370
3,35.2214,-82.74507,1371
3,35.22147,-82.7449,1372
3,35.22152,-82.74478,1373
3,35.22155,-82.74473,1374
3,35.22155,-82.74471,1375
3,35.22162,-82.74458,1376
3,35.22164,-82.74453,1377
3,35.22171,-82.74439,1378
3,35.22173,-82.74435,1379
3,35.22184,-82.74417,1380
3,35.22192,-82.74404,1381
3,35.222,-82.74392,1382
3,35.22206,-82.74383,1383
3,35.22237,-82.74341,1384
3,35.22275,-82.74286,1385
3,35.22298,-82.74255,1386
3,35.22318,-82.74227,1387
3,35.22337,-82.742,1388
3,35.2236,-82.74169,1389
3,35.22407,-82.74103,1390
3,35.22466,-82.7402,1391
3,35.22502,-82.7397,1392
3,35.22547,-82.73906,1393
3,35.22573,-82.7387,1394
3,35.22583,-82.73855,1395
3,35.22602,-82.73828,1396
3,35.22614,-82.73812,1397
3,35.22621,-82.73802,1398
3,35.22638,-82.73777,1399
3,35.22644,-82.73768,1400
3,35.22652,-82.73756,1401
3,35.2266,-82.73754,1402
3,35.22664,-82.73754,1403
3,35.2267,-82.73754,1404
3,35.22685,-82.73755,1405
3,35.22736,-82.73759,1406
3,35.22779,-82.73761,1407
3,35.22785,-82.73762,1408
3,35.22829,-82.73764,1409
3,35.22844,-82.73765,1410
3,35.22852,-82.73766,1411
3,35.22856,-82.73766,1412
3,35.22859,-82.73765,1413
3,35.22864,-82.73765,1414
3,35.22866,-82.73764,1415
3,35.2287,-82.73763,1416
3,35.22873,-82.73762,1417
3,35.22878,-82.7376,1418
3,35.22883,-82.73758,1419
3,35.22887,-82.73755,1420
3,35.22891,-82.73753,1421
3,35.22896,-82.73749,1422
3,35.22932,-82.73725,1423
3,35.22949,-82.73714,1424
3,35.23002,-82.73678,1425
3,35.23049,-82.73647,1426
3,35.23105,-82.73609,1427
3,35.23152,-82.73578,1428
3,35.23162,-82.73572,1429
3,35.23224,-82.7353,1430
3,35.23198,-82.73472,1431
3,35.23172,-82.73413,1432
3,35.23159,-82.73386,1433
3,35.23157,-82.73381,1434
3,35.23154,-82.73375,1435
3,35.23151,-82.73367,1436
