shape_id,shape_pt_lat,shape_pt_lon,shape_pt_sequence
" 122687",36.33851,-78.4111,0
" 122687",36.3386,-78.41043,1
" 122687",36.33855,-78.4104,2
" 122687",36.33845,-78.41034,3
" 122687",36.33838,-78.41031,4
" 122687",36.33832,-78.4103,5
" 122687",36.33828,-78.4103,6
" 122687",36.33822,-78.41028,7
" 122687",36.33816,-78.41034,8
" 122687",36.33814,-78.41039,9
" 122687",36.33812,-78.41045,10
" 122687",36.33812,-78.41046,11
" 122687",36.33772,-78.41006,12
" 122687",36.33765,-78.41,13
" 122687",36.3376,-78.40994,14
" 122687",36.33756,-78.40989,15
" 122687",36.33752,-78.40984,16
" 122687",36.33747,-78.40976,17
" 122687",36.33745,-78.40967,18
" 122687",36.33744,-78.40954,19
" 122687",36.33741,-78.40954,20
" 122687",36.33717,-78.40952,21
" 122687",36.33717,-78.41081,22
" 122687",36.33719,-78.41091,23
" 122687",36.33753,-78.41359,24
" 122687",36.3376,-78.41462,25
" 122687",36.33758,-78.41508,26
" 122687",36.33752,-78.41543,27
" 122687",36.33734,-78.41629,28
" 122687",36.33733,-78.41635,29
" 122687",36.33699,-78.41778,30
" 122687",36.33619,-78.42086,31
" 122687",36.33611,-78.42147,32
" 122687",36.33608,-78.42202,33
" 122687",36.33617,-78.42297,34
" 122687",36.33626,-78.42373,35
" 122687",36.33633,-78.42461,36
" 122687",36.33635,-78.42501,37
" 122687",36.33637,-78.42517,38
" 122687",36.33695,-78.4251,39
" 122687",36.3372,-78.42507,40
" 122687",36.33732,-78.42506,41
" 122687",36.33734,-78.42506,42
" 122687",36.33736,-78.42506,43
" 122687",36.33738,-78.42507,44
" 122687",36.3374,-78.42509,45
" 122687",36.3374,-78.42511,46
" 122687",36.33741,-78.42517,47
" 122687",36.33748,-78.42589,48
" 122687",36.33752,-78.42636,49
" 122687",36.33655,-78.42648,50
" 122687",36.33651,-78.42649,51
" 122687",36.33654,-78.42679,52
" 122687",36.33656,-78.4271,53
" 122687",36.33658,-78.42744,54
" 122687",36.33659,-78.42767,55
" 122687",36.33659,-78.428,56
" 122687",36.33656,-78.42827,57
" 122687",36.33655,-78.42833,58
" 122687",36.33651,-78.42855,59
" 122687",36.33647,-78.42873,60
" 122687",36.33642,-78.42892,61
" 122687",36.33637,-78.42907,62
" 122687",36.33631,-78.42924,63
" 122687",36.33623,-78.42941,64
" 122687",36.33613,-78.42959,65
" 122687",36.336,-78.42979,66
" 122687",36.33583,-78.43002,67
" 122687",36.33568,-78.4302,68
" 122687",36.33561,-78.43029,69
" 122687",36.33554,-78.43038,70
" 122687",36.33466,-78.43141,71
" 122687",36.33427,-78.43187,72
" 122687",36.33397,-78.43221,73
" 122687",36.33395,-78.43224,74
" 122687",36.33369,-78.43256,75
" 122687",36.33315,-78.43321,76
" 122687",36.33295,-78.43345,77
" 122687",36.33308,-78.43361,78
" 122687",36.33319,-78.4337,79
" 122687",36.33323,-78.43373,80
" 122687",36.33327,-78.43375,81
" 122687",36.33331,-78.43376,82
" 122687",36.33335,-78.43376,83
" 122687",36.33342,-78.43377,84
" 122687",36.33349,-78.43377,85
" 122687",36.33354,-78.43377,86
" 122687",36.3336,-78.43377,87
" 122687",36.33367,-78.43382,88
" 122687",36.33376,-78.43386,89
" 122687",36.33385,-78.43388,90
" 122687",36.33392,-78.43388,91
" 122687",36.334,-78.43392,92
" 122687",36.33409,-78.43402,93
" 122687",36.33417,-78.43411,94
" 122687",36.33419,-78.43413,95
" 122687",36.3341,-78.43423,96
" 122687",36.33377,-78.43471,97
" 122687",36.33334,-78.43529,98
" 122687",36.33326,-78.43541,99
" 122687",36.33307,-78.4357,100
" 122687",36.33302,-78.43575,101
" 122687",36.33284,-78.43597,102
" 122687",36.33277,-78.43605,103
" 122687",36.33268,-78.43615,104
" 122687",36.33262,-78.43623,105
" 122687",36.3322,-78.43673,106
" 122687",36.33213,-78.43682,107
" 122687",36.3321,-78.43687,108
" 122687",36.33204,-78.43699,109
" 122687",36.33199,-78.43714,110
" 122687",36.33197,-78.43734,111
" 122687",36.33197,-78.43763,112
" 122687",36.33193,-78.43819,113
" 122687",36.33191,-78.43827,114
" 122687",36.33189,-78.43828,115
" 122687",36.33186,-78.43829,116
" 122687",36.33177,-78.43826,117
" 122687",36.33168,-78.43824,118
" 122687",36.33152,-78.43825,119
" 122687",36.33135,-78.43823,120
" 122687",36.33123,-78.43823,121
" 122687",36.33118,-78.43824,122
" 122687",36.33115,-78.43825,123
" 122687",36.33115,-78.43824,124
" 122687",36.33112,-78.43823,125
" 122687",36.3311,-78.43821,126
" 122687",36.33109,-78.43816,127
" 122687",36.33109,-78.43809,128
" 122687",36.33108,-78.43804,129
" 122687",36.33106,-78.43784,130
" 122687",36.33104,-78.43761,131
" 122687",36.33107,-78.43752,132
" 122687",36.33125,-78.43727,133
" 122687",36.33143,-78.43706,134
" 122687",36.33163,-78.43685,135
" 122687",36.33177,-78.43669,136
" 122687",36.33188,-78.4367,137
" 122687",36.33199,-78.43674,138
" 122687",36.33213,-78.43682,139
" 122687",36.3322,-78.43673,140
" 122687",36.33262,-78.43623,141
" 122687",36.33268,-78.43615,142
" 122687",36.33277,-78.43605,143
" 122687",36.33284,-78.43597,144
" 122687",36.33302,-78.43575,145
" 122687",36.33307,-78.4357,146
" 122687",36.3333,-78.43599,147
" 122687",36.33336,-78.43607,148
" 122687",36.33343,-78.43615,149
" 122687",36.33362,-78.4364,150
" 122687",36.33394,-78.43678,151
" 122687",36.33422,-78.43712,152
" 122687",36.33443,-78.43737,153
" 122687",36.33447,-78.43742,154
" 122687",36.33451,-78.43746,155
" 122687",36.33469,-78.43769,156
" 122687",36.33488,-78.43791,157
" 122687",36.3353,-78.43843,158
" 122687",36.33553,-78.43872,159
" 122687",36.33573,-78.43896,160
" 122687",36.3358,-78.43904,161
" 122687",36.33591,-78.43917,162
" 122687",36.33606,-78.43936,163
" 122687",36.3361,-78.43941,164
" 122687",36.33621,-78.43954,165
" 122687",36.33627,-78.43961,166
" 122687",36.33652,-78.43995,167
" 122687",36.33601,-78.44048,168
" 122687",36.33588,-78.44062,169
" 122687",36.33575,-78.44075,170
" 122687",36.33563,-78.44087,171
" 122687",36.33544,-78.44103,172
" 122687",36.33543,-78.44104,173
" 122687",36.33524,-78.44117,174
" 122687",36.33513,-78.44121,175
" 122687",36.33503,-78.44123,176
" 122687",36.33477,-78.44127,177
" 122687",36.33446,-78.4413,178
" 122687",36.33447,-78.44137,179
" 122687",36.33446,-78.4413,180
" 122687",36.33397,-78.44134,181
" 122687",36.33395,-78.44135,182
" 122687",36.3335,-78.44141,183
" 122687",36.33323,-78.44145,184
" 122687",36.33321,-78.44145,185
" 122687",36.33314,-78.44147,186
" 122687",36.33304,-78.4415,187
" 122687",36.33296,-78.44154,188
" 122687",36.33294,-78.44155,189
" 122687",36.33287,-78.44159,190
" 122687",36.3328,-78.44165,191
" 122687",36.33275,-78.4417,192
" 122687",36.3327,-78.44174,193
" 122687",36.33263,-78.44183,194
" 122687",36.3325,-78.44199,195
" 122687",36.33218,-78.44236,196
" 122687",36.33198,-78.44259,197
" 122687",36.33172,-78.4429,198
" 122687",36.33142,-78.44324,199
" 122687",36.33131,-78.44338,200
" 122687",36.33102,-78.44377,201
" 122687",36.33079,-78.44414,202
" 122687",36.33047,-78.44465,203
" 122687",36.33026,-78.44499,204
" 122687",36.33018,-78.44513,205
" 122687",36.33,-78.44545,206
" 122687",36.32986,-78.44576,207
" 122687",36.32982,-78.44589,208
" 122687",36.32978,-78.44603,209
" 122687",36.32977,-78.4461,210
" 122687",36.32976,-78.44613,211
" 122687",36.32975,-78.44623,212
" 122687",36.32975,-78.44632,213
" 122687",36.32975,-78.44642,214
" 122687",36.32976,-78.44661,215
" 122687",36.32979,-78.4468,216
" 122687",36.3298,-78.44685,217
" 122687",36.32984,-78.44701,218
" 122687",36.32987,-78.44713,219
" 122687",36.32988,-78.44717,220
" 122687",36.32999,-78.44754,221
" 122687",36.33012,-78.44796,222
" 122687",36.33016,-78.44809,223
" 122687",36.33021,-78.44828,224
" 122687",36.3302,-78.44835,225
" 122687",36.33018,-78.44842,226
" 122687",36.33012,-78.44847,227
" 122687",36.32985,-78.4486,228
" 122687",36.32948,-78.44875,229
" 122687",36.3296,-78.44916,230
" 122687",36.32963,-78.44931,231
" 122687",36.32968,-78.44946,232
" 122687",36.32971,-78.44957,233
" 122687",36.33011,-78.45095,234
" 122687",36.33032,-78.45168,235
" 122687",36.33056,-78.45263,236
" 122687",36.33061,-78.45302,237
" 122687",36.33062,-78.45332,238
" 122687",36.33063,-78.45346,239
" 122687",36.33062,-78.45332,240
" 122687",36.33061,-78.45302,241
" 122687",36.33056,-78.45263,242
" 122687",36.33032,-78.45168,243
" 122687",36.33105,-78.45136,244
" 122687",36.33163,-78.45111,245
" 122687",36.33193,-78.45097,246
" 122687",36.33209,-78.45091,247
" 122687",36.33211,-78.45089,248
" 122687",36.33193,-78.45029,249
" 122687",36.33192,-78.45025,250
" 122687",36.33223,-78.45013,251
" 122687",36.33235,-78.45008,252
" 122687",36.33252,-78.44998,253
" 122687",36.33257,-78.44991,254
" 122687",36.33262,-78.44982,255
" 122687",36.33264,-78.44976,256
" 122687",36.33264,-78.44968,257
" 122687",36.33264,-78.44962,258
" 122687",36.33263,-78.44955,259
" 122687",36.33261,-78.44945,260
" 122687",36.33256,-78.44927,261
" 122687",36.3325,-78.44905,262
" 122687",36.33241,-78.44873,263
" 122687",36.33232,-78.44844,264
" 122687",36.33228,-78.44835,265
" 122687",36.33225,-78.44832,266
" 122687",36.33219,-78.44827,267
" 122687",36.33215,-78.44826,268
" 122687",36.33213,-78.44825,269
" 122687",36.33209,-78.44825,270
" 122687",36.33208,-78.44825,271
" 122687",36.33206,-78.44825,272
" 122687",36.33202,-78.44826,273
" 122687",36.33199,-78.44826,274
" 122687",36.33186,-78.4483,275
" 122687",36.3318,-78.44831,276
" 122687",36.33175,-78.44831,277
" 122687",36.33172,-78.4483,278
" 122687",36.33165,-78.44828,279
" 122687",36.33156,-78.44823,280
" 122687",36.33148,-78.44819,281
" 122687",36.33147,-78.44822,282
" 122687",36.33133,-78.44859,283
" 122687",36.33131,-78.44863,284
" 122687",36.33125,-78.44882,285
" 122687",36.33124,-78.44885,286
" 122687",36.33122,-78.44886,287
" 122687",36.3312,-78.44887,288
" 122687",36.33118,-78.44888,289
" 122687",36.33115,-78.44887,290
" 122687",36.33113,-78.44885,291
" 122687",36.33111,-78.44882,292
" 122687",36.33111,-78.4488,293
" 122687",36.3311,-78.44877,294
" 122687",36.3311,-78.44875,295
" 122687",36.3311,-78.44872,296
" 122687",36.3312,-78.44849,297
" 122687",36.33123,-78.44842,298
" 122687",36.33128,-78.44828,299
" 122687",36.33135,-78.4481,300
" 122687",36.33136,-78.44807,301
" 122687",36.33138,-78.44802,302
" 122687",36.33139,-78.44798,303
" 122687",36.33139,-78.44795,304
" 122687",36.33139,-78.44791,305
" 122687",36.33137,-78.44781,306
" 122687",36.33134,-78.44771,307
" 122687",36.33133,-78.44767,308
" 122687",36.33127,-78.44748,309
" 122687",36.33142,-78.44741,310
" 122687",36.33177,-78.44726,311
" 122687",36.33181,-78.44724,312
" 122687",36.33196,-78.44718,313
" 122687",36.33212,-78.44711,314
" 122687",36.33236,-78.44703,315
" 122687",36.33238,-78.44703,316
" 122687",36.33256,-78.44697,317
" 122687",36.33292,-78.44687,318
" 122687",36.33301,-78.44684,319
" 122687",36.3333,-78.44677,320
" 122687",36.33334,-78.44676,321
" 122687",36.3333,-78.44677,322
" 122687",36.33301,-78.44684,323
" 122687",36.33292,-78.44687,324
" 122687",36.33256,-78.44697,325
" 122687",36.33238,-78.44703,326
" 122687",36.33236,-78.44703,327
" 122687",36.33212,-78.44711,328
" 122687",36.33196,-78.44718,329
" 122687",36.33181,-78.44724,330
" 122687",36.33142,-78.44741,331
" 122687",36.33127,-78.44748,332
" 122687",36.33089,-78.44767,333
" 122687",36.33083,-78.44771,334
" 122687",36.3307,-78.44776,335
" 122687",36.33068,-78.44777,336
" 122687",36.33043,-78.44789,337
" 122687",36.33023,-78.44797,338
" 122687",36.33016,-78.44809,339
" 122687",36.32931,-78.44849,340
" 122687",36.32902,-78.44862,341
" 122687",36.32898,-78.44864,342
" 122687",36.32882,-78.4487,343
" 122687",36.32879,-78.44871,344
" 122687",36.32829,-78.44885,345
" 122687",36.32754,-78.44907,346
" 122687",36.32743,-78.4491,347
" 122687",36.32727,-78.44914,348
" 122687",36.32721,-78.44916,349
" 122687",36.3269,-78.44925,350
" 122687",36.32689,-78.44925,351
" 122687",36.32685,-78.44927,352
" 122687",36.3267,-78.44931,353
" 122687",36.32656,-78.44935,354
" 122687",36.32592,-78.44955,355
" 122687",36.32532,-78.44974,356
" 122687",36.32506,-78.44984,357
" 122687",36.32493,-78.44988,358
" 122687",36.3244,-78.45011,359
" 122687",36.32437,-78.44998,360
" 122687",36.32438,-78.44988,361
" 122687",36.32438,-78.44981,362
" 122687",36.3244,-78.44972,363
" 122687",36.32446,-78.4496,364
" 122687",36.32454,-78.44947,365
" 122687",36.32468,-78.44926,366
" 122687",36.32472,-78.4492,367
" 122687",36.3248,-78.44909,368
" 122687",36.32494,-78.4489,369
" 122687",36.32563,-78.44792,370
" 122687",36.32588,-78.44737,371
" 122687",36.32594,-78.44718,372
" 122687",36.32595,-78.44712,373
" 122687",36.326,-78.44695,374
" 122687",36.32602,-78.44688,375
" 122687",36.32607,-78.44651,376
" 122687",36.32605,-78.44507,377
" 122687",36.32602,-78.44349,378
" 122687",36.32603,-78.44318,379
" 122687",36.32604,-78.44291,380
" 122687",36.32611,-78.44241,381
" 122687",36.32618,-78.44211,382
" 122687",36.3263,-78.44173,383
" 122687",36.3264,-78.44149,384
" 122687",36.32654,-78.4412,385
" 122687",36.32673,-78.44088,386
" 122687",36.32692,-78.44061,387
" 122687",36.32698,-78.44054,388
" 122687",36.3271,-78.44039,389
" 122687",36.32712,-78.44036,390
" 122687",36.32779,-78.43957,391
" 122687",36.32988,-78.43712,392
" 122687",36.32994,-78.43703,393
" 122687",36.33064,-78.43621,394
" 122687",36.33122,-78.43552,395
" 122687",36.3315,-78.43519,396
" 122687",36.33167,-78.43498,397
" 122687",36.33187,-78.43475,398
" 122687",36.33206,-78.43452,399
" 122687",36.33217,-78.43436,400
" 122687",36.33193,-78.43399,401
" 122687",36.33184,-78.43383,402
" 122687",36.33178,-78.43373,403
" 122687",36.3316,-78.4334,404
" 122687",36.33145,-78.4331,405
" 122687",36.33128,-78.43272,406
" 122687",36.33123,-78.4326,407
" 122687",36.33122,-78.43257,408
" 122687",36.33114,-78.43238,409
" 122687",36.3311,-78.43229,410
" 122687",36.33098,-78.43202,411
" 122687",36.33082,-78.43167,412
" 122687",36.33034,-78.43197,413
" 122687",36.3297,-78.4324,414
" 122687",36.33034,-78.43197,415
" 122687",36.33082,-78.43167,416
" 122687",36.33054,-78.43105,417
" 122687",36.33031,-78.43051,418
" 122687",36.33002,-78.42986,419
" 122687",36.32964,-78.42897,420
" 122687",36.32915,-78.42785,421
" 122687",36.32899,-78.4275,422
" 122687",36.32871,-78.42692,423
" 122687",36.32856,-78.42666,424
" 122687",36.32831,-78.42626,425
" 122687",36.32751,-78.42528,426
" 122687",36.32671,-78.42431,427
" 122687",36.32664,-78.42422,428
" 122687",36.32668,-78.42416,429
" 122687",36.3267,-78.42412,430
" 122687",36.32676,-78.42401,431
" 122687",36.3268,-78.42392,432
" 122687",36.3269,-78.42369,433
" 122687",36.32696,-78.42355,434
" 122687",36.32698,-78.4235,435
" 122687",36.32699,-78.42346,436
" 122687",36.32699,-78.42329,437
" 122687",36.32701,-78.42222,438
" 122687",36.32695,-78.42104,439
" 122687",36.32694,-78.42063,440
" 122687",36.32689,-78.41984,441
" 122687",36.32963,-78.41921,442
" 122687",36.32954,-78.4187,443
" 122687",36.32944,-78.41807,444
" 122687",36.32932,-78.41693,445
" 122687",36.32917,-78.41581,446
" 122687",36.32891,-78.41519,447
" 122687",36.32852,-78.4147,448
" 122687",36.32836,-78.41452,449
" 122687",36.32696,-78.41288,450
" 122687",36.32585,-78.41173,451
" 122687",36.32476,-78.41055,452
" 122687",36.32535,-78.4097,453
" 122687",36.32589,-78.40898,454
" 122687",36.32649,-78.40809,455
" 122687",36.32658,-78.40796,456
" 122687",36.32649,-78.40809,457
" 122687",36.32589,-78.40898,458
" 122687",36.32535,-78.4097,459
" 122687",36.32476,-78.41055,460
" 122687",36.32411,-78.41156,461
" 122687",36.32335,-78.41272,462
" 122687",36.32331,-78.41277,463
" 122687",36.32265,-78.4137,464
" 122687",36.32244,-78.41415,465
" 122687",36.3221,-78.41497,466
" 122687",36.3215,-78.41642,467
" 122687",36.32044,-78.4151,468
" 122687",36.32032,-78.41495,469
" 122687",36.32067,-78.41408,470
" 122687",36.32099,-78.41328,471
" 122687",36.32118,-78.41282,472
" 122687",36.32145,-78.41216,473
" 122687",36.32174,-78.41144,474
" 122687",36.32154,-78.41129,475
" 122687",36.3214,-78.41119,476
" 122687",36.32126,-78.41111,477
" 122687",36.32118,-78.41107,478
" 122687",36.32106,-78.41103,479
" 122687",36.32093,-78.41099,480
" 122687",36.32085,-78.41097,481
" 122687",36.32081,-78.41097,482
" 122687",36.32077,-78.41097,483
" 122687",36.32036,-78.41095,484
" 122687",36.3201,-78.41095,485
" 122687",36.31997,-78.41094,486
" 122687",36.3198,-78.41093,487
" 122687",36.31921,-78.41091,488
" 122687",36.31853,-78.41091,489
" 122687",36.31798,-78.41089,490
" 122687",36.31725,-78.41086,491
" 122687",36.31732,-78.41011,492
" 122687",36.31732,-78.41007,493
" 122687",36.31731,-78.41005,494
" 122687",36.3173,-78.41004,495
" 122687",36.3173,-78.41003,496
" 122687",36.31728,-78.41002,497
" 122687",36.31725,-78.41002,498
" 122687",36.3169,-78.41,499
" 122687",36.31725,-78.41002,500
" 122687",36.31728,-78.41002,501
" 122687",36.3173,-78.41003,502
" 122687",36.3173,-78.41004,503
" 122687",36.31731,-78.41005,504
" 122687",36.31732,-78.41007,505
" 122687",36.31732,-78.41011,506
" 122687",36.31725,-78.41086,507
" 122687",36.31702,-78.41085,508
" 122687",36.31652,-78.41084,509
" 122687",36.31616,-78.4108,510
" 122687",36.31615,-78.4108,511
" 122687",36.31592,-78.41077,512
" 122687",36.31572,-78.41073,513
" 122687",36.31571,-78.41073,514
" 122687",36.31549,-78.41068,515
" 122687",36.3151,-78.41059,516
" 122687",36.31474,-78.41048,517
" 122687",36.31254,-78.40994,518
" 122687",36.31063,-78.40946,519
" 122687",36.31033,-78.40939,520
" 122687",36.30964,-78.40923,521
" 122687",36.30954,-78.40917,522
" 122687",36.30929,-78.40911,523
" 122687",36.30905,-78.40906,524
" 122687",36.30903,-78.40905,525
" 122687",36.30887,-78.40902,526
" 122687",36.30869,-78.40898,527
" 122687",36.30845,-78.40893,528
" 122687",36.30783,-78.40883,529
" 122687",36.30777,-78.40883,530
" 122687",36.30782,-78.4084,531
" 122687",36.30796,-78.40688,532
" 122687",36.308,-78.40685,533
" 122687",36.30806,-78.40679,534
" 122687",36.30809,-78.40676,535
" 122687",36.30814,-78.40671,536
" 122687",36.3082,-78.40668,537
" 122687",36.30825,-78.40665,538
" 122687",36.30831,-78.40664,539
" 122687",36.30838,-78.40662,540
" 122687",36.30848,-78.40661,541
" 122687",36.30902,-78.40654,542
" 122687",36.30909,-78.40653,543
" 122687",36.31006,-78.4064,544
" 122687",36.31024,-78.40638,545
" 122687",36.3103,-78.40638,546
" 122687",36.31069,-78.40637,547
" 122687",36.31106,-78.40637,548
" 122687",36.31136,-78.40636,549
" 122687",36.31153,-78.40634,550
" 122687",36.31166,-78.40634,551
" 122687",36.31172,-78.40633,552
" 122687",36.31178,-78.40632,553
" 122687",36.31236,-78.40626,554
" 122687",36.31271,-78.40621,555
" 122687",36.31298,-78.40618,556
" 122687",36.31337,-78.40613,557
" 122687",36.3136,-78.4061,558
" 122687",36.31384,-78.40605,559
" 122687",36.31391,-78.40603,560
" 122687",36.314,-78.40602,561
" 122687",36.31436,-78.40593,562
" 122687",36.31518,-78.40569,563
" 122687",36.31631,-78.40545,564
" 122687",36.31731,-78.40523,565
" 122687",36.31737,-78.40521,566
" 122687",36.31865,-78.40497,567
" 122687",36.31987,-78.40474,568
" 122687",36.31992,-78.40473,569
" 122687",36.32032,-78.40775,570
" 122687",36.32033,-78.40797,571
" 122687",36.32034,-78.40816,572
" 122687",36.32041,-78.40815,573
" 122687",36.32072,-78.4081,574
" 122687",36.32111,-78.40803,575
" 122687",36.32115,-78.40803,576
" 122687",36.32119,-78.40805,577
" 122687",36.32142,-78.40824,578
" 122687",36.32182,-78.40841,579
" 122687",36.32195,-78.40841,580
" 122687",36.32277,-78.40903,581
" 122687",36.32284,-78.40907,582
" 122687",36.323,-78.4088,583
" 122687",36.32303,-78.40876,584
" 122687",36.32325,-78.40843,585
" 122687",36.3234,-78.40821,586
" 122687",36.32348,-78.4081,587
" 122687",36.32421,-78.40704,588
" 122687",36.32476,-78.40625,589
" 122687",36.32536,-78.4054,590
" 122687",36.32591,-78.4046,591
" 122687",36.32657,-78.40366,592
" 122687",36.3271,-78.40424,593
" 122687",36.32734,-78.40389,594
" 122687",36.3271,-78.40424,595
" 122687",36.32657,-78.40366,596
" 122687",36.32726,-78.40264,597
" 122687",36.32777,-78.40184,598
" 122687",36.32803,-78.40147,599
" 122687",36.32819,-78.40076,600
" 122687",36.32796,-78.40051,601
" 122687",36.32787,-78.40039,602
" 122687",36.32588,-78.39835,603
" 122687",36.32578,-78.39824,604
" 122687",36.32563,-78.39809,605
" 122687",36.32546,-78.39793,606
" 122687",36.32538,-78.39784,607
" 122687",36.32533,-78.39777,608
" 122687",36.32528,-78.39767,609
" 122687",36.32521,-78.3975,610
" 122687",36.32511,-78.39727,611
" 122687",36.32465,-78.39601,612
" 122687",36.3246,-78.3959,613
" 122687",36.32578,-78.39535,614
" 122687",36.32746,-78.39449,615
" 122687",36.32768,-78.39438,616
" 122687",36.3279,-78.39399,617
" 122687",36.32897,-78.39374,618
" 122687",36.33011,-78.39346,619
" 122687",36.33042,-78.39451,620
" 122687",36.33043,-78.39455,621
" 122687",36.33073,-78.39557,622
" 122687",36.33131,-78.39667,623
" 122687",36.3314,-78.39684,624
" 122687",36.3314,-78.39685,625
" 122687",36.33146,-78.39696,626
" 122687",36.33166,-78.39681,627
" 122687",36.33236,-78.39757,628
" 122687",36.33295,-78.39819,629
" 122687",36.33298,-78.39823,630
" 122687",36.33314,-78.398,631
" 122687",36.33352,-78.39769,632
" 122687",36.33388,-78.39746,633
" 122687",36.33471,-78.39694,634
" 122687",36.33539,-78.3965,635
" 122687",36.33563,-78.39634,636
" 122687",36.33656,-78.39574,637
" 122687",36.33745,-78.3951,638
" 122687",36.33752,-78.39506,639
" 122687",36.33764,-78.39499,640
" 122687",36.33773,-78.39493,641
" 122687",36.33783,-78.39488,642
" 122687",36.33793,-78.39484,643
" 122687",36.33803,-78.3948,644
" 122687",36.33814,-78.39477,645
" 122687",36.33826,-78.39475,646
" 122687",36.33839,-78.39474,647
" 122687",36.33848,-78.39474,648
" 122687",36.3386,-78.39476,649
" 122687",36.33887,-78.39479,650
" 122687",36.33919,-78.39483,651
" 122687",36.33927,-78.39484,652
" 122687",36.33948,-78.39486,653
" 122687",36.33981,-78.3949,654
" 122687",36.34,-78.39491,655
" 122687",36.3402,-78.39491,656
" 122687",36.34041,-78.3949,657
" 122687",36.34054,-78.3949,658
" 122687",36.34064,-78.39489,659
" 122687",36.3408,-78.39487,660
" 122687",36.34094,-78.39485,661
" 122687",36.34127,-78.39479,662
" 122687",36.34147,-78.39474,663
" 122687",36.34158,-78.39472,664
" 122687",36.34159,-78.39471,665
" 122687",36.34182,-78.39465,666
" 122687",36.34199,-78.39459,667
" 122687",36.34218,-78.39452,668
" 122687",36.3422,-78.39451,669
" 122687",36.34239,-78.39443,670
" 122687",36.34252,-78.39437,671
" 122687",36.34258,-78.39435,672
" 122687",36.34268,-78.39429,673
" 122687",36.34284,-78.39422,674
" 122687",36.34286,-78.39421,675
" 122687",36.34306,-78.39409,676
" 122687",36.3432,-78.394,677
" 122687",36.34326,-78.39396,678
" 122687",36.34335,-78.3939,679
" 122687",36.34345,-78.39383,680
" 122687",36.3435,-78.39379,681
" 122687",36.34356,-78.39377,682
" 122687",36.34365,-78.39378,683
" 122687",36.34388,-78.39356,684
" 122687",36.34401,-78.39343,685
" 122687",36.34412,-78.39331,686
" 122687",36.3442,-78.39322,687
" 122687",36.34442,-78.39299,688
" 122687",36.34463,-78.39273,689
" 122687",36.34482,-78.39249,690
" 122687",36.34504,-78.39217,691
" 122687",36.34515,-78.392,692
" 122687",36.34528,-78.39179,693
" 122687",36.34552,-78.3914,694
" 122687",36.34563,-78.39122,695
" 122687",36.34586,-78.39062,696
" 122687",36.3462,-78.38975,697
" 122687",36.34605,-78.38969,698
" 122687",36.34602,-78.38968,699
" 122687",36.34588,-78.38972,700
" 122687",36.34568,-78.3898,701
" 122687",36.34509,-78.39007,702
" 122687",36.34552,-78.39114,703
" 122687",36.34563,-78.39122,704
" 122687",36.34552,-78.3914,705
" 122687",36.34528,-78.39179,706
" 122687",36.34515,-78.392,707
" 122687",36.34504,-78.39217,708
" 122687",36.34482,-78.39249,709
" 122687",36.34463,-78.39273,710
" 122687",36.34442,-78.39299,711
" 122687",36.3442,-78.39322,712
" 122687",36.34412,-78.39331,713
" 122687",36.34401,-78.39343,714
" 122687",36.34388,-78.39356,715
" 122687",36.34365,-78.39378,716
" 122687",36.34359,-78.39389,717
" 122687",36.34356,-78.39392,718
" 122687",36.34348,-78.39397,719
" 122687",36.34328,-78.3941,720
" 122687",36.34317,-78.39416,721
" 122687",36.34307,-78.39422,722
" 122687",36.34296,-78.39429,723
" 122687",36.34273,-78.39441,724
" 122687",36.34255,-78.3945,725
" 122687",36.34249,-78.39453,726
" 122687",36.34243,-78.39455,727
" 122687",36.34233,-78.3946,728
" 122687",36.34224,-78.39464,729
" 122687",36.34213,-78.39468,730
" 122687",36.342,-78.39473,731
" 122687",36.3418,-78.3948,732
" 122687",36.3416,-78.39485,733
" 122687",36.3415,-78.39488,734
" 122687",36.3414,-78.3949,735
" 122687",36.34129,-78.39492,736
" 122687",36.34118,-78.39494,737
" 122687",36.34094,-78.39499,738
" 122687",36.34087,-78.39798,739
" 122687",36.34086,-78.39819,740
" 122687",36.34231,-78.39815,741
" 122687",36.34274,-78.40049,742
" 122687",36.34277,-78.40085,743
" 122687",36.34277,-78.40096,744
" 122687",36.34275,-78.40103,745
" 122687",36.34272,-78.40111,746
" 122687",36.34268,-78.40118,747
" 122687",36.34264,-78.40122,748
" 122687",36.34259,-78.40128,749
" 122687",36.34258,-78.40129,750
" 122687",36.34252,-78.40132,751
" 122687",36.34245,-78.40136,752
" 122687",36.34243,-78.40136,753
" 122687",36.34245,-78.40136,754
" 122687",36.34252,-78.40132,755
" 122687",36.34258,-78.40129,756
" 122687",36.34259,-78.40128,757
" 122687",36.34264,-78.40122,758
" 122687",36.34268,-78.40118,759
" 122687",36.34272,-78.40111,760
" 122687",36.34275,-78.40103,761
" 122687",36.34277,-78.40096,762
" 122687",36.34277,-78.40085,763
" 122687",36.34274,-78.40049,764
" 122687",36.34231,-78.39815,765
" 122687",36.34086,-78.39819,766
" 122687",36.33939,-78.39814,767
" 122687",36.33954,-78.39862,768
" 122687",36.33974,-78.39924,769
" 122687",36.33802,-78.39986,770
" 122687",36.33768,-78.39997,771
1,36.31349,-78.58679,0
1,36.3134,-78.58715,1
1,36.31326,-78.58754,2
1,36.31294,-78.5874,3
1,36.31258,-78.58726,4
1,36.31249,-78.58716,5
1,36.31236,-78.58746,6
1,36.31229,-78.58762,7
1,36.31207,-78.5881,8
1,36.31194,-78.58839,9
1,36.31189,-78.5885,10
1,36.31185,-78.58858,11
1,36.31154,-78.58836,12
1,36.31116,-78.58806,13
1,36.31084,-78.58782,14
1,36.3105,-78.58759,15
1,36.31044,-78.58759,16
1,36.31038,-78.58757,17
1,36.31019,-78.58743,18
1,36.31014,-78.58739,19
1,36.31014,-78.5874,20
1,36.31013,-78.5874,21
1,36.31013,-78.58741,22
1,36.31012,-78.58741,23
1,36.31011,-78.58742,24
1,36.3101,-78.58742,25
1,36.31009,-78.58742,26
1,36.31008,-78.58742,27
1,36.31008,-78.58743,28
1,36.31007,-78.58743,29
1,36.31006,-78.58742,30
1,36.31005,-78.58742,31
1,36.31004,-78.58742,32
1,36.31003,-78.58741,33
1,36.31002,-78.58741,34
1,36.31002,-78.5874,35
1,36.31001,-78.5874,36
1,36.31,-78.58739,37
1,36.30999,-78.58738,38
1,36.30999,-78.58737,39
1,36.30998,-78.58737,40
1,36.30998,-78.58736,41
1,36.30998,-78.58735,42
1,36.30998,-78.58734,43
1,36.30997,-78.58734,44
1,36.30997,-78.58733,45
1,36.30997,-78.58732,46
1,36.30997,-78.58731,47
1,36.30997,-78.5873,48
1,36.30997,-78.58729,49
1,36.30965,-78.58706,50
1,36.30962,-78.58704,51
1,36.30961,-78.58703,52
1,36.30884,-78.58648,53
1,36.30878,-78.58643,54
1,36.30845,-78.58619,55
1,36.30798,-78.58585,56
1,36.30783,-78.58574,57
1,36.30742,-78.58545,58
1,36.30743,-78.58542,59
1,36.30748,-78.58533,60
1,36.30758,-78.5851,61
1,36.30786,-78.58452,62
1,36.30814,-78.58394,63
1,36.30832,-78.58358,64
1,36.30861,-78.58301,65
1,36.30857,-78.58282,66
1,36.30856,-78.58253,67
1,36.30851,-78.58178,68
1,36.30866,-78.58145,69
1,36.30868,-78.58141,70
1,36.3087,-78.58136,71
1,36.30912,-78.58042,72
1,36.30973,-78.57911,73
1,36.30975,-78.57907,74
1,36.31002,-78.57854,75
1,36.31004,-78.57845,76
1,36.31005,-78.57842,77
1,36.30991,-78.57836,78
1,36.30964,-78.57823,79
1,36.30912,-78.57797,80
1,36.30842,-78.5777,81
1,36.30838,-78.57768,82
1,36.30801,-78.57754,83
1,36.30809,-78.578,84
1,36.30797,-78.57801,85
1,36.30795,-78.57801,86
1,36.30712,-78.57807,87
1,36.3071,-78.57807,88
1,36.30674,-78.57811,89
1,36.3063,-78.57815,90
1,36.30613,-78.57821,91
1,36.30597,-78.5783,92
1,36.30582,-78.57841,93
1,36.30572,-78.57852,94
1,36.30567,-78.57863,95
1,36.30563,-78.57875,96
1,36.30561,-78.57883,97
1,36.3056,-78.57893,98
1,36.3056,-78.57904,99
1,36.30563,-78.57922,100
1,36.30564,-78.5794,101
1,36.30565,-78.57951,102
1,36.30564,-78.57963,103
1,36.30562,-78.57978,104
1,36.30553,-78.58014,105
1,36.30551,-78.58021,106
1,36.30539,-78.5806,107
1,36.30534,-78.58057,108
1,36.30539,-78.5806,109
1,36.30543,-78.58064,110
1,36.30553,-78.58072,111
1,36.30559,-78.58077,112
1,36.30572,-78.58087,113
1,36.30585,-78.58098,114
1,36.30572,-78.58087,115
1,36.30549,-78.58141,116
1,36.30539,-78.58166,117
1,36.30533,-78.58179,118
1,36.30526,-78.58194,119
1,36.30524,-78.58199,120
1,36.30522,-78.58205,121
1,36.30518,-78.58214,122
1,36.3051,-78.58234,123
1,36.30508,-78.58238,124
1,36.30505,-78.58245,125
1,36.30496,-78.58264,126
1,36.30493,-78.58273,127
1,36.30484,-78.58293,128
1,36.3048,-78.58304,129
1,36.30477,-78.5831,130
1,36.30476,-78.58313,131
1,36.30442,-78.58288,132
1,36.30427,-78.58276,133
1,36.30396,-78.58254,134
1,36.30376,-78.58239,135
1,36.30368,-78.58232,136
1,36.30352,-78.5822,137
1,36.30321,-78.58199,138
1,36.30289,-78.58178,139
1,36.30287,-78.58177,140
1,36.30252,-78.58154,141
1,36.30229,-78.58203,142
1,36.30205,-78.58254,143
1,36.302,-78.58262,144
1,36.30198,-78.58264,145
1,36.30196,-78.58267,146
1,36.30195,-78.58268,147
1,36.30192,-78.58269,148
1,36.30189,-78.58268,149
1,36.30186,-78.58267,150
1,36.30184,-78.58265,151
1,36.30181,-78.58263,152
1,36.30176,-78.58259,153
1,36.30168,-78.58252,154
1,36.30161,-78.58247,155
1,36.30144,-78.58235,156
1,36.3014,-78.58232,157
1,36.30099,-78.58201,158
1,36.3006,-78.58172,159
1,36.30044,-78.5816,160
1,36.30038,-78.58155,161
1,36.30029,-78.58149,162
1,36.3001,-78.58135,163
1,36.29998,-78.58126,164
1,36.29982,-78.58115,165
1,36.29962,-78.58106,166
1,36.29952,-78.58103,167
1,36.29946,-78.58101,168
1,36.29939,-78.58099,169
1,36.29939,-78.58116,170
1,36.2994,-78.58143,171
1,36.2994,-78.58156,172
1,36.29938,-78.58177,173
1,36.29937,-78.58192,174
1,36.29935,-78.58199,175
1,36.2993,-78.58223,176
1,36.2992,-78.58249,177
1,36.29902,-78.58288,178
1,36.2989,-78.58314,179
1,36.29883,-78.58329,180
1,36.29864,-78.58368,181
1,36.29872,-78.58373,182
1,36.29895,-78.58391,183
1,36.29908,-78.584,184
1,36.299,-78.58415,185
1,36.29916,-78.58426,186
1,36.29942,-78.58443,187
1,36.29946,-78.58435,188
1,36.29942,-78.58443,189
1,36.29941,-78.58446,190
1,36.29934,-78.58461,191
1,36.29927,-78.58477,192
1,36.29923,-78.58485,193
1,36.29919,-78.58495,194
1,36.29911,-78.58512,195
1,36.29903,-78.58529,196
1,36.29896,-78.58544,197
1,36.2989,-78.5854,198
1,36.29851,-78.58512,199
1,36.29842,-78.58529,200
1,36.29795,-78.58494,201
1,36.29778,-78.58525,202
1,36.29775,-78.58531,203
1,36.29757,-78.5857,204
1,36.29745,-78.58599,205
1,36.29738,-78.58619,206
1,36.29733,-78.58629,207
1,36.29728,-78.58644,208
1,36.29706,-78.58713,209
1,36.29701,-78.58732,210
1,36.29701,-78.58738,211
1,36.29693,-78.58774,212
1,36.29688,-78.58796,213
1,36.29683,-78.58824,214
1,36.29673,-78.5887,215
1,36.2966,-78.58934,216
1,36.29644,-78.59018,217
1,36.29636,-78.59054,218
1,36.29629,-78.59095,219
1,36.29627,-78.59103,220
1,36.29616,-78.59161,221
1,36.29615,-78.59168,222
1,36.29604,-78.59224,223
1,36.29603,-78.5923,224
1,36.29598,-78.59255,225
1,36.29595,-78.59272,226
1,36.29594,-78.59276,227
1,36.29591,-78.59294,228
1,36.29603,-78.59291,229
1,36.29608,-78.59291,230
1,36.29617,-78.5929,231
1,36.29636,-78.59291,232
1,36.29644,-78.59291,233
1,36.29662,-78.59292,234
1,36.29663,-78.59292,235
1,36.29682,-78.59293,236
1,36.29685,-78.59294,237
1,36.29686,-78.59291,238
1,36.29691,-78.59279,239
1,36.29698,-78.59271,240
1,36.29715,-78.59262,241
1,36.29728,-78.59253,242
1,36.29739,-78.59247,243
1,36.2974,-78.59246,244
1,36.29749,-78.59244,245
1,36.29757,-78.59245,246
1,36.2976,-78.59245,247
1,36.29767,-78.59246,248
1,36.29774,-78.59247,249
1,36.29783,-78.59251,250
1,36.29789,-78.59259,251
1,36.29789,-78.5926,252
1,36.2979,-78.59277,253
1,36.2979,-78.59282,254
1,36.2979,-78.59291,255
1,36.29789,-78.59295,256
1,36.29787,-78.59304,257
1,36.29786,-78.59307,258
1,36.29779,-78.59313,259
1,36.29763,-78.59314,260
1,36.2975,-78.59314,261
1,36.29741,-78.59312,262
1,36.29737,-78.5931,263
1,36.2972,-78.59305,264
1,36.29702,-78.59298,265
1,36.2969,-78.59295,266
1,36.29685,-78.59294,267
1,36.29682,-78.59293,268
1,36.29663,-78.59292,269
1,36.29662,-78.59292,270
1,36.29644,-78.59291,271
1,36.29636,-78.59291,272
1,36.29617,-78.5929,273
1,36.29608,-78.59291,274
1,36.29603,-78.59291,275
1,36.29591,-78.59294,276
1,36.29577,-78.59363,277
1,36.2958,-78.59364,278
1,36.29595,-78.59368,279
1,36.29598,-78.59369,280
1,36.29615,-78.59379,281
1,36.29632,-78.59394,282
1,36.2964,-78.59398,283
1,36.29642,-78.59399,284
1,36.2966,-78.59404,285
1,36.29674,-78.59409,286
1,36.29677,-78.5941,287
1,36.2968,-78.5941,288
1,36.29677,-78.5941,289
1,36.29674,-78.59409,290
1,36.2966,-78.59404,291
1,36.29642,-78.59399,292
1,36.2964,-78.59398,293
1,36.29632,-78.59394,294
1,36.29615,-78.59379,295
1,36.29598,-78.59369,296
1,36.29595,-78.59368,297
1,36.29577,-78.59363,298
1,36.29574,-78.59381,299
1,36.29559,-78.59457,300
1,36.29555,-78.59478,301
1,36.29554,-78.59488,302
1,36.29545,-78.59531,303
1,36.29535,-78.59582,304
1,36.29532,-78.59596,305
1,36.29528,-78.59615,306
1,36.29523,-78.59641,307
1,36.2951,-78.59706,308
1,36.29503,-78.59738,309
1,36.29528,-78.59746,310
1,36.29538,-78.59749,311
1,36.29545,-78.59751,312
1,36.29555,-78.59755,313
1,36.29597,-78.59768,314
1,36.29625,-78.59777,315
1,36.29628,-78.59771,316
1,36.29632,-78.59768,317
1,36.29639,-78.59765,318
1,36.29645,-78.59764,319
1,36.29649,-78.59764,320
1,36.29654,-78.59765,321
1,36.29658,-78.59767,322
1,36.29661,-78.59771,323
1,36.29661,-78.59772,324
1,36.29663,-78.59776,325
1,36.29664,-78.59782,326
1,36.29665,-78.59788,327
1,36.29665,-78.59793,328
1,36.29665,-78.598,329
1,36.29665,-78.59804,330
1,36.29663,-78.59815,331
1,36.29661,-78.59825,332
1,36.29659,-78.59837,333
1,36.29658,-78.59841,334
1,36.29657,-78.59845,335
1,36.29656,-78.59848,336
1,36.29653,-78.59852,337
1,36.29647,-78.59857,338
1,36.29644,-78.59859,339
1,36.29641,-78.5986,340
1,36.29638,-78.5986,341
1,36.29632,-78.59858,342
1,36.29624,-78.59856,343
1,36.29621,-78.59855,344
1,36.29618,-78.59853,345
1,36.29616,-78.59848,346
1,36.29615,-78.59844,347
1,36.29616,-78.59831,348
1,36.29616,-78.59828,349
1,36.29617,-78.59821,350
1,36.29619,-78.59809,351
1,36.29625,-78.59777,352
1,36.29597,-78.59768,353
1,36.29555,-78.59755,354
1,36.29545,-78.59751,355
1,36.29538,-78.59749,356
1,36.29528,-78.59746,357
1,36.29503,-78.59738,358
1,36.29502,-78.59744,359
1,36.295,-78.59753,360
1,36.29492,-78.59796,361
1,36.29489,-78.59812,362
1,36.29488,-78.59818,363
1,36.29482,-78.59852,364
1,36.29479,-78.59876,365
1,36.29479,-78.59878,366
1,36.29479,-78.59884,367
1,36.29477,-78.599,368
1,36.29477,-78.59912,369
1,36.29476,-78.59919,370
1,36.29476,-78.59921,371
1,36.29475,-78.59941,372
1,36.29475,-78.59976,373
1,36.29476,-78.59988,374
1,36.29476,-78.59996,375
1,36.29477,-78.6001,376
1,36.29477,-78.60015,377
1,36.29478,-78.60026,378
1,36.29479,-78.60032,379
1,36.2948,-78.6004,380
1,36.29482,-78.60054,381
1,36.29483,-78.60062,382
1,36.2949,-78.60105,383
1,36.29493,-78.60119,384
1,36.29502,-78.60169,385
1,36.29505,-78.6019,386
1,36.29508,-78.60195,387
1,36.29495,-78.60207,388
1,36.29441,-78.60249,389
1,36.29398,-78.60275,390
1,36.29388,-78.60282,391
1,36.29359,-78.603,392
1,36.29349,-78.60307,393
1,36.29307,-78.60331,394
1,36.29279,-78.60345,395
1,36.29257,-78.60356,396
1,36.2923,-78.60368,397
1,36.29189,-78.60386,398
1,36.29167,-78.60394,399
1,36.29134,-78.60406,400
1,36.291,-78.60416,401
1,36.29096,-78.60418,402
1,36.29085,-78.60421,403
1,36.29082,-78.60421,404
1,36.29069,-78.60425,405
1,36.29029,-78.60434,406
1,36.29014,-78.60437,407
1,36.28971,-78.60445,408
1,36.28953,-78.60448,409
1,36.28869,-78.6046,410
1,36.2881,-78.6047,411
1,36.28793,-78.60472,412
1,36.28768,-78.60478,413
1,36.28747,-78.60482,414
1,36.28719,-78.60489,415
1,36.28674,-78.60501,416
1,36.28615,-78.60519,417
1,36.28605,-78.60523,418
1,36.28588,-78.60528,419
1,36.28536,-78.60545,420
1,36.2847,-78.60566,421
1,36.28459,-78.60569,422
1,36.28398,-78.60588,423
1,36.28386,-78.60594,424
1,36.2837,-78.60599,425
1,36.2829,-78.60627,426
1,36.28259,-78.60637,427
1,36.28239,-78.60642,428
1,36.28218,-78.60649,429
1,36.28165,-78.60665,430
1,36.28119,-78.60679,431
1,36.28102,-78.60685,432
1,36.28101,-78.60677,433
1,36.281,-78.60674,434
1,36.28088,-78.60619,435
1,36.28077,-78.60562,436
1,36.28051,-78.6057,437
1,36.28048,-78.60553,438
1,36.28062,-78.60549,439
1,36.28043,-78.60448,440
1,36.2803,-78.60383,441
1,36.28043,-78.60448,442
1,36.28062,-78.60549,443
1,36.28048,-78.60553,444
1,36.28051,-78.6057,445
1,36.28077,-78.60562,446
1,36.28088,-78.60619,447
1,36.28101,-78.60677,448
1,36.28116,-78.60673,449
1,36.28136,-78.60668,450
1,36.28216,-78.60643,451
1,36.28237,-78.60636,452
1,36.2837,-78.60594,453
1,36.28385,-78.6059,454
1,36.28398,-78.60588,455
1,36.28459,-78.60569,456
1,36.2847,-78.60566,457
1,36.28536,-78.60545,458
1,36.28588,-78.60528,459
1,36.28605,-78.60523,460
1,36.28615,-78.60519,461
1,36.28674,-78.60501,462
1,36.28719,-78.60489,463
1,36.28747,-78.60482,464
1,36.28768,-78.60478,465
1,36.28793,-78.60472,466
1,36.2881,-78.6047,467
1,36.28869,-78.6046,468
1,36.28953,-78.60448,469
1,36.28971,-78.60445,470
1,36.29014,-78.60437,471
1,36.29029,-78.60434,472
1,36.29069,-78.60425,473
1,36.29082,-78.60421,474
1,36.29085,-78.60421,475
1,36.29096,-78.60418,476
1,36.291,-78.60416,477
1,36.29134,-78.60406,478
1,36.29167,-78.60394,479
1,36.29189,-78.60386,480
1,36.2923,-78.60368,481
1,36.29257,-78.60356,482
1,36.29279,-78.60345,483
1,36.29307,-78.60331,484
1,36.29349,-78.60307,485
1,36.29359,-78.603,486
1,36.29388,-78.60282,487
1,36.29398,-78.60275,488
1,36.29438,-78.60244,489
1,36.29459,-78.60228,490
1,36.29495,-78.60199,491
1,36.29505,-78.6019,492
1,36.29519,-78.60177,493
1,36.29533,-78.60167,494
1,36.29554,-78.60152,495
1,36.29583,-78.6013,496
1,36.29608,-78.60111,497
1,36.29609,-78.60111,498
1,36.29613,-78.6011,499
1,36.29634,-78.60095,500
1,36.29642,-78.60089,501
1,36.29646,-78.60086,502
1,36.29652,-78.60082,503
1,36.29679,-78.60062,504
1,36.29683,-78.6006,505
1,36.29701,-78.60047,506
1,36.29716,-78.60038,507
1,36.29723,-78.60033,508
1,36.29727,-78.60031,509
1,36.29758,-78.60012,510
1,36.29776,-78.60001,511
1,36.29799,-78.59988,512
1,36.29849,-78.59961,513
1,36.29863,-78.59953,514
1,36.29898,-78.59935,515
1,36.29907,-78.5997,516
1,36.29908,-78.5998,517
1,36.2991,-78.59998,518
1,36.29914,-78.60046,519
1,36.29916,-78.60065,520
1,36.29914,-78.60086,521
1,36.29913,-78.60086,522
1,36.29913,-78.6009,523
1,36.29923,-78.60098,524
1,36.29927,-78.60107,525
1,36.29931,-78.60127,526
1,36.29934,-78.60139,527
1,36.29937,-78.60153,528
1,36.29935,-78.60167,529
1,36.29923,-78.60174,530
1,36.29922,-78.60159,531
1,36.29914,-78.60131,532
1,36.29914,-78.60129,533
1,36.29912,-78.60112,534
1,36.29912,-78.60099,535
1,36.29913,-78.6009,536
1,36.29913,-78.60086,537
1,36.29916,-78.60065,538
1,36.29914,-78.60046,539
1,36.2991,-78.59998,540
1,36.29908,-78.5998,541
1,36.29907,-78.5997,542
1,36.29898,-78.59935,543
1,36.29908,-78.5993,544
1,36.29922,-78.59923,545
1,36.29972,-78.59897,546
1,36.29975,-78.59895,547
1,36.29997,-78.59884,548
1,36.30001,-78.59882,549
1,36.30005,-78.5988,550
1,36.30017,-78.59873,551
1,36.30024,-78.59869,552
1,36.30031,-78.59866,553
1,36.30034,-78.59865,554
1,36.30041,-78.59861,555
1,36.30047,-78.59858,556
1,36.3005,-78.59856,557
1,36.30058,-78.59852,558
1,36.30063,-78.59849,559
1,36.30067,-78.59847,560
1,36.30107,-78.59826,561
1,36.30108,-78.59826,562
1,36.30147,-78.59806,563
1,36.30173,-78.59795,564
1,36.30174,-78.59794,565
1,36.30184,-78.5979,566
1,36.30188,-78.59788,567
1,36.30192,-78.59787,568
1,36.30196,-78.59785,569
1,36.30198,-78.59785,570
1,36.30199,-78.59784,571
1,36.30201,-78.59783,572
1,36.30209,-78.59781,573
1,36.30214,-78.59779,574
1,36.30218,-78.59777,575
1,36.30232,-78.59773,576
1,36.3024,-78.5977,577
1,36.30242,-78.5977,578
1,36.30244,-78.59769,579
1,36.30253,-78.59766,580
1,36.30264,-78.59763,581
1,36.30275,-78.5976,582
1,36.30279,-78.59759,583
1,36.30289,-78.59757,584
1,36.30293,-78.59756,585
1,36.30296,-78.59755,586
1,36.303,-78.59754,587
1,36.3033,-78.59748,588
1,36.30356,-78.59743,589
1,36.30396,-78.59735,590
1,36.30403,-78.59734,591
1,36.30412,-78.59732,592
1,36.30417,-78.59731,593
1,36.30421,-78.5973,594
1,36.30429,-78.59727,595
1,36.30444,-78.59721,596
1,36.30454,-78.59716,597
1,36.30468,-78.59708,598
1,36.30482,-78.59697,599
1,36.3049,-78.5969,600
1,36.30491,-78.59689,601
1,36.30495,-78.59685,602
1,36.30502,-78.59678,603
1,36.30505,-78.59675,604
1,36.30513,-78.59665,605
1,36.30518,-78.5966,606
1,36.30519,-78.59658,607
1,36.30526,-78.5965,608
1,36.30536,-78.59637,609
1,36.30555,-78.59612,610
1,36.30555,-78.59611,611
1,36.3058,-78.59579,612
1,36.30632,-78.59524,613
1,36.30644,-78.59513,614
1,36.30652,-78.59508,615
1,36.3066,-78.59502,616
1,36.30669,-78.59497,617
1,36.30685,-78.5949,618
1,36.3069,-78.59488,619
1,36.30703,-78.59483,620
1,36.30734,-78.59478,621
1,36.30766,-78.59472,622
1,36.3081,-78.59465,623
1,36.30835,-78.5946,624
1,36.30879,-78.59452,625
1,36.30894,-78.59451,626
1,36.30915,-78.59409,627
1,36.30934,-78.5937,628
1,36.30942,-78.59354,629
1,36.30945,-78.59349,630
1,36.30963,-78.59311,631
1,36.30984,-78.59268,632
1,36.31007,-78.59222,633
1,36.3102,-78.59196,634
1,36.31023,-78.59189,635
1,36.31046,-78.59143,636
1,36.31061,-78.5911,637
1,36.31086,-78.59128,638
1,36.31101,-78.59138,639
1,36.31108,-78.59144,640
1,36.31136,-78.59164,641
1,36.3115,-78.59174,642
1,36.31168,-78.59188,643
1,36.31217,-78.59225,644
1,36.31236,-78.59238,645
1,36.31271,-78.59262,646
1,36.31283,-78.59271,647
1,36.31286,-78.59273,648
1,36.31333,-78.59306,649
1,36.31378,-78.59339,650
1,36.3144,-78.59385,651
1,36.31505,-78.59431,652
1,36.31579,-78.59481,653
1,36.31626,-78.59514,654
1,36.31642,-78.59525,655
1,36.3176,-78.59606,656
1,36.31768,-78.59611,657
1,36.31751,-78.59647,658
1,36.31733,-78.59686,659
1,36.31724,-78.59706,660
1,36.31676,-78.59806,661
1,36.31704,-78.59835,662
1,36.31715,-78.59848,663
1,36.31717,-78.5985,664
1,36.31748,-78.59883,665
1,36.31757,-78.59894,666
1,36.31785,-78.59929,667
1,36.31798,-78.59944,668
1,36.31809,-78.59956,669
1,36.31825,-78.59974,670
1,36.31827,-78.59976,671
1,36.3185,-78.59999,672
1,36.31854,-78.60003,673
1,36.31857,-78.60006,674
1,36.31874,-78.6002,675
1,36.31887,-78.59996,676
1,36.31895,-78.5998,677
1,36.31924,-78.59924,678
1,36.31944,-78.59887,679
1,36.31964,-78.5985,680
1,36.3197,-78.59841,681
1,36.31982,-78.59818,682
1,36.31989,-78.59802,683
1,36.31991,-78.59798,684
1,36.31993,-78.59794,685
1,36.31995,-78.59792,686
1,36.31996,-78.59791,687
1,36.31997,-78.5979,688
1,36.31998,-78.59789,689
1,36.31999,-78.59789,690
1,36.32002,-78.59788,691
1,36.32039,-78.59785,692
1,36.3205,-78.59783,693
1,36.32053,-78.59783,694
1,36.32055,-78.59783,695
1,36.32056,-78.59784,696
1,36.32057,-78.59784,697
1,36.32058,-78.59785,698
1,36.32059,-78.59785,699
1,36.32059,-78.59786,700
1,36.3206,-78.59787,701
1,36.32061,-78.59789,702
1,36.32061,-78.59793,703
1,36.32062,-78.59796,704
1,36.32063,-78.59799,705
1,36.32064,-78.59803,706
1,36.32064,-78.59808,707
1,36.32065,-78.59815,708
1,36.32067,-78.59825,709
1,36.32067,-78.59826,710
1,36.32069,-78.59836,711
1,36.32071,-78.59848,712
1,36.32075,-78.59861,713
1,36.32079,-78.5987,714
1,36.32084,-78.5988,715
1,36.32093,-78.59891,716
1,36.32102,-78.59902,717
1,36.32107,-78.59906,718
1,36.32113,-78.59911,719
1,36.32131,-78.59924,720
1,36.32134,-78.59926,721
1,36.32142,-78.59932,722
1,36.32151,-78.5994,723
1,36.32161,-78.59946,724
1,36.32165,-78.59949,725
1,36.32168,-78.59951,726
1,36.32172,-78.59952,727
1,36.32174,-78.59953,728
1,36.32177,-78.59953,729
1,36.32182,-78.59953,730
1,36.32185,-78.59953,731
1,36.32191,-78.59953,732
1,36.32194,-78.59953,733
1,36.32199,-78.59952,734
1,36.32202,-78.59951,735
1,36.32204,-78.59951,736
1,36.32207,-78.5995,737
1,36.32211,-78.5995,738
1,36.32213,-78.59949,739
1,36.32217,-78.59947,740
1,36.32223,-78.59944,741
1,36.32225,-78.59943,742
1,36.32229,-78.59941,743
1,36.32244,-78.59934,744
1,36.32255,-78.59929,745
1,36.32257,-78.59938,746
1,36.32258,-78.59943,747
1,36.32259,-78.59948,748
1,36.3226,-78.59953,749
1,36.3226,-78.5996,750
1,36.3226,-78.59965,751
1,36.3226,-78.59971,752
1,36.3226,-78.59977,753
1,36.3226,-78.59985,754
1,36.3226,-78.60023,755
1,36.32261,-78.60112,756
1,36.32261,-78.60157,757
1,36.32298,-78.60157,758
1,36.3232,-78.60157,759
1,36.32356,-78.60158,760
1,36.3238,-78.60158,761
1,36.32392,-78.60158,762
1,36.32478,-78.6016,763
1,36.3248,-78.60292,764
1,36.32481,-78.60359,765
1,36.32482,-78.60433,766
1,36.32482,-78.60438,767
1,36.32483,-78.60463,768
1,36.32496,-78.60463,769
1,36.325,-78.60463,770
1,36.32502,-78.60463,771
1,36.32505,-78.60464,772
1,36.32509,-78.60465,773
1,36.32515,-78.60468,774
1,36.32516,-78.60469,775
1,36.32515,-78.60468,776
1,36.32509,-78.60465,777
1,36.32505,-78.60464,778
1,36.32502,-78.60463,779
1,36.325,-78.60463,780
1,36.32496,-78.60463,781
1,36.32483,-78.60463,782
1,36.32481,-78.60517,783
1,36.3244,-78.60475,784
1,36.32426,-78.60461,785
1,36.32408,-78.60442,786
1,36.32399,-78.60305,787
1,36.32398,-78.60289,788
1,36.32392,-78.60158,789
1,36.32389,-78.60117,790
1,36.32388,-78.60092,791
1,36.32385,-78.60046,792
1,36.32385,-78.60044,793
1,36.32384,-78.60036,794
1,36.32382,-78.60012,795
1,36.3238,-78.59993,796
1,36.32378,-78.59979,797
1,36.32376,-78.59963,798
1,36.32375,-78.59957,799
1,36.32374,-78.59949,800
1,36.32373,-78.59942,801
1,36.32372,-78.59937,802
1,36.32372,-78.59935,803
1,36.32369,-78.59921,804
1,36.32366,-78.59905,805
1,36.32364,-78.59899,806
1,36.32363,-78.59894,807
1,36.32363,-78.59892,808
1,36.32359,-78.59878,809
1,36.32351,-78.5985,810
1,36.32338,-78.59812,811
1,36.32324,-78.59771,812
1,36.3231,-78.5973,813
1,36.32296,-78.59692,814
1,36.3229,-78.59676,815
1,36.32269,-78.59614,816
1,36.32255,-78.59573,817
1,36.32253,-78.59567,818
1,36.32239,-78.59526,819
1,36.32231,-78.59496,820
1,36.32268,-78.59499,821
1,36.32304,-78.59502,822
1,36.32333,-78.59503,823
1,36.3237,-78.59504,824
1,36.32394,-78.59503,825
1,36.32417,-78.59504,826
1,36.32463,-78.59506,827
1,36.32496,-78.59504,828
1,36.3252,-78.59497,829
1,36.32529,-78.59493,830
1,36.3254,-78.59489,831
1,36.32554,-78.59482,832
1,36.32566,-78.59476,833
1,36.32586,-78.59465,834
1,36.32583,-78.59456,835
1,36.32578,-78.59439,836
1,36.32572,-78.59416,837
1,36.3257,-78.59396,838
1,36.32569,-78.59384,839
1,36.32569,-78.59383,840
1,36.32569,-78.59375,841
1,36.32569,-78.59357,842
1,36.32569,-78.59353,843
1,36.32569,-78.59349,844
1,36.32569,-78.59309,845
1,36.32569,-78.59305,846
1,36.32569,-78.59295,847
1,36.32569,-78.59289,848
1,36.32569,-78.59283,849
1,36.32572,-78.59268,850
1,36.32573,-78.59266,851
1,36.32573,-78.59264,852
1,36.32573,-78.59263,853
1,36.32573,-78.59264,854
1,36.32573,-78.59266,855
1,36.32572,-78.59268,856
1,36.32569,-78.59283,857
1,36.32569,-78.59289,858
1,36.32569,-78.59295,859
1,36.32569,-78.59305,860
1,36.32569,-78.59309,861
1,36.32569,-78.59349,862
1,36.32569,-78.59353,863
1,36.32569,-78.59357,864
1,36.32569,-78.59375,865
1,36.32569,-78.59383,866
1,36.32569,-78.59384,867
1,36.3257,-78.59396,868
1,36.32572,-78.59416,869
1,36.32578,-78.59439,870
1,36.32586,-78.59465,871
1,36.32597,-78.59459,872
1,36.32618,-78.59447,873
1,36.32633,-78.59439,874
1,36.32673,-78.59418,875
1,36.32715,-78.59396,876
1,36.32723,-78.59391,877
1,36.32751,-78.59376,878
1,36.32759,-78.59372,879
1,36.32824,-78.59338,880
1,36.32851,-78.59324,881
1,36.32864,-78.59317,882
1,36.32872,-78.59312,883
1,36.32915,-78.59289,884
1,36.32937,-78.59276,885
1,36.32951,-78.5927,886
1,36.32953,-78.59269,887
1,36.3296,-78.59266,888
1,36.32968,-78.59263,889
1,36.3297,-78.59262,890
1,36.32975,-78.5926,891
1,36.32986,-78.59257,892
1,36.32999,-78.59253,893
1,36.33016,-78.59249,894
1,36.33041,-78.59245,895
1,36.33065,-78.59243,896
1,36.3309,-78.59242,897
1,36.33108,-78.59242,898
1,36.33128,-78.59245,899
1,36.33145,-78.59248,900
1,36.3316,-78.59251,901
1,36.33182,-78.59257,902
1,36.33206,-78.59263,903
1,36.33233,-78.5927,904
1,36.33263,-78.59279,905
1,36.33316,-78.59294,906
1,36.33424,-78.59324,907
1,36.33437,-78.59328,908
1,36.33439,-78.59328,909
1,36.33468,-78.59336,910
1,36.33504,-78.59346,911
1,36.3353,-78.5935,912
1,36.33535,-78.59351,913
1,36.33553,-78.59353,914
1,36.33555,-78.59353,915
1,36.33579,-78.59353,916
1,36.33589,-78.59352,917
1,36.33604,-78.59351,918
1,36.33607,-78.59391,919
1,36.33609,-78.59402,920
1,36.3361,-78.59424,921
1,36.33611,-78.59446,922
1,36.33612,-78.59458,923
1,36.33615,-78.5947,924
1,36.33616,-78.59523,925
1,36.33614,-78.59548,926
1,36.33614,-78.59557,927
1,36.3361,-78.59604,928
1,36.33609,-78.59608,929
1,36.33607,-78.59624,930
1,36.33604,-78.59643,931
1,36.33599,-78.59667,932
1,36.33594,-78.59665,933
1,36.33571,-78.59657,934
1,36.33547,-78.59671,935
1,36.33546,-78.59691,936
1,36.33531,-78.59685,937
1,36.33531,-78.59678,938
1,36.33531,-78.5967,939
1,36.33539,-78.59666,940
1,36.33547,-78.59671,941
1,36.33571,-78.59657,942
1,36.33594,-78.59665,943
1,36.33598,-78.59642,944
1,36.33604,-78.59603,945
1,36.33606,-78.59578,946
1,36.33608,-78.59557,947
1,36.33608,-78.5955,948
1,36.3361,-78.59522,949
1,36.33609,-78.59499,950
1,36.33609,-78.5947,951
1,36.33612,-78.59458,952
1,36.33611,-78.59446,953
1,36.3361,-78.59424,954
1,36.33609,-78.59402,955
1,36.33607,-78.59391,956
1,36.33604,-78.59351,957
1,36.33597,-78.59318,958
1,36.33586,-78.59268,959
1,36.33582,-78.59246,960
1,36.33569,-78.59182,961
1,36.3356,-78.59139,962
1,36.33556,-78.59117,963
1,36.33509,-78.58879,964
1,36.33501,-78.58845,965
1,36.33496,-78.58823,966
1,36.33491,-78.58804,967
1,36.33484,-78.58781,968
1,36.33479,-78.58766,969
1,36.33476,-78.58756,970
1,36.33473,-78.58745,971
1,36.33466,-78.58727,972
1,36.3346,-78.58709,973
1,36.33454,-78.58694,974
1,36.33447,-78.58676,975
1,36.33438,-78.58656,976
1,36.33434,-78.58647,977
1,36.33432,-78.58642,978
1,36.33423,-78.58624,979
1,36.33415,-78.58606,980
1,36.33407,-78.58589,981
1,36.33395,-78.58566,982
1,36.3339,-78.58554,983
1,36.33384,-78.58542,984
1,36.33379,-78.58531,985
1,36.33373,-78.58519,986
1,36.33353,-78.58479,987
1,36.33339,-78.5845,988
1,36.33296,-78.58362,989
1,36.33279,-78.58327,990
1,36.33244,-78.58257,991
1,36.33216,-78.582,992
1,36.33197,-78.58161,993
1,36.33189,-78.58145,994
1,36.33186,-78.58138,995
1,36.33169,-78.58104,996
1,36.33163,-78.58092,997
1,36.33158,-78.58082,998
1,36.33152,-78.58069,999
1,36.33146,-78.58058,1000
1,36.33129,-78.58024,1001
1,36.33124,-78.58012,1002
1,36.33114,-78.57993,1003
1,36.33106,-78.57976,1004
1,36.33095,-78.57954,1005
1,36.33077,-78.57916,1006
1,36.33076,-78.57914,1007
1,36.33068,-78.57897,1008
1,36.33064,-78.57888,1009
1,36.33059,-78.57876,1010
1,36.3305,-78.57858,1011
1,36.33044,-78.57843,1012
1,36.33034,-78.57818,1013
1,36.33028,-78.57804,1014
1,36.33021,-78.57783,1015
1,36.33011,-78.57757,1016
1,36.32997,-78.57716,1017
1,36.32971,-78.57633,1018
1,36.32965,-78.57617,1019
1,36.3295,-78.57571,1020
1,36.32947,-78.57559,1021
1,36.3293,-78.57509,1022
1,36.32921,-78.57481,1023
1,36.32907,-78.57436,1024
1,36.32891,-78.57388,1025
1,36.32876,-78.57343,1026
1,36.3287,-78.57332,1027
1,36.32859,-78.57298,1028
1,36.32844,-78.57253,1029
1,36.32828,-78.57205,1030
1,36.32822,-78.57189,1031
1,36.32807,-78.57146,1032
1,36.32785,-78.57155,1033
1,36.32779,-78.57159,1034
1,36.32775,-78.57161,1035
1,36.32725,-78.57192,1036
1,36.32714,-78.57199,1037
1,36.32712,-78.572,1038
1,36.32689,-78.57216,1039
1,36.32668,-78.57232,1040
1,36.32654,-78.57244,1041
1,36.32643,-78.57253,1042
1,36.32638,-78.57258,1043
1,36.32635,-78.57262,1044
1,36.32634,-78.57263,1045
1,36.32616,-78.57281,1046
1,36.32597,-78.57302,1047
1,36.32594,-78.57305,1048
1,36.32593,-78.57307,1049
1,36.32584,-78.57317,1050
1,36.32541,-78.57365,1051
1,36.3254,-78.57366,1052
1,36.32531,-78.57376,1053
1,36.32527,-78.5738,1054
1,36.32473,-78.57441,1055
1,36.32451,-78.57465,1056
1,36.32444,-78.57473,1057
1,36.32398,-78.57524,1058
1,36.32357,-78.57568,1059
1,36.32353,-78.57572,1060
1,36.32343,-78.57582,1061
1,36.32329,-78.57596,1062
1,36.32314,-78.57609,1063
1,36.32299,-78.57622,1064
1,36.32287,-78.57631,1065
1,36.32283,-78.57634,1066
1,36.32279,-78.57637,1067
1,36.32268,-78.57645,1068
1,36.32256,-78.57653,1069
1,36.32252,-78.57656,1070
1,36.32241,-78.57664,1071
1,36.3224,-78.57665,1072
1,36.32225,-78.57676,1073
1,36.32209,-78.57687,1074
1,36.32206,-78.57689,1075
1,36.3219,-78.57701,1076
1,36.32179,-78.57709,1077
1,36.32178,-78.57709,1078
1,36.32162,-78.57721,1079
1,36.32069,-78.57788,1080
1,36.32024,-78.57821,1081
1,36.32022,-78.57821,1082
1,36.32007,-78.57833,1083
1,36.32004,-78.57835,1084
1,36.31976,-78.57855,1085
1,36.3193,-78.57888,1086
1,36.31898,-78.57911,1087
1,36.31882,-78.57922,1088
1,36.3182,-78.57967,1089
1,36.31817,-78.57969,1090
1,36.31812,-78.57973,1091
1,36.31805,-78.57978,1092
1,36.3179,-78.57989,1093
1,36.31782,-78.57993,1094
1,36.31774,-78.57996,1095
1,36.31771,-78.57997,1096
1,36.31768,-78.57997,1097
1,36.31765,-78.57997,1098
1,36.31761,-78.57997,1099
1,36.31756,-78.57995,1100
1,36.31747,-78.5799,1101
1,36.3177,-78.57941,1102
1,36.31774,-78.57929,1103
1,36.31777,-78.57917,1104
1,36.31779,-78.57911,1105
1,36.31781,-78.57906,1106
1,36.31782,-78.579,1107
1,36.31783,-78.57894,1108
1,36.31783,-78.57892,1109
1,36.31785,-78.57886,1110
1,36.31786,-78.57879,1111
1,36.31787,-78.57871,1112
1,36.31787,-78.5787,1113
1,36.31788,-78.57859,1114
1,36.31789,-78.57857,1115
1,36.3179,-78.57847,1116
1,36.3179,-78.57838,1117
1,36.31791,-78.5783,1118
1,36.31791,-78.57826,1119
1,36.31791,-78.57821,1120
1,36.31791,-78.57812,1121
1,36.31791,-78.57799,1122
1,36.3179,-78.57789,1123
1,36.3179,-78.5778,1124
1,36.31789,-78.57772,1125
1,36.31788,-78.57764,1126
1,36.31787,-78.5776,1127
1,36.31787,-78.57758,1128
1,36.31787,-78.57757,1129
1,36.31786,-78.57748,1130
1,36.31783,-78.57735,1131
1,36.31779,-78.57716,1132
1,36.31769,-78.5768,1133
1,36.31765,-78.57671,1134
1,36.31764,-78.57666,1135
1,36.31763,-78.57664,1136
1,36.31758,-78.57651,1137
1,36.31748,-78.57623,1138
1,36.31735,-78.57587,1139
1,36.31713,-78.57526,1140
1,36.31713,-78.57525,1141
1,36.31706,-78.57506,1142
1,36.31691,-78.57465,1143
1,36.31691,-78.57464,1144
1,36.31688,-78.57455,1145
1,36.31686,-78.57449,1146
1,36.31677,-78.57424,1147
1,36.31632,-78.57301,1148
1,36.31608,-78.57233,1149
1,36.31586,-78.57172,1150
1,36.31569,-78.57126,1151
1,36.31564,-78.57112,1152
1,36.31551,-78.57073,1153
1,36.31543,-78.57049,1154
1,36.31539,-78.57038,1155
1,36.31538,-78.57033,1156
1,36.31567,-78.57025,1157
1,36.31623,-78.57008,1158
1,36.31686,-78.5699,1159
1,36.31689,-78.57007,1160
1,36.31692,-78.5702,1161
1,36.31689,-78.57007,1162
1,36.31686,-78.5699,1163
1,36.31623,-78.57008,1164
1,36.31567,-78.57025,1165
1,36.31538,-78.57033,1166
1,36.31539,-78.57038,1167
1,36.31543,-78.57049,1168
1,36.31551,-78.57073,1169
1,36.31564,-78.57112,1170
1,36.31569,-78.57126,1171
1,36.31586,-78.57172,1172
1,36.31608,-78.57233,1173
1,36.31632,-78.57301,1174
1,36.31677,-78.57424,1175
1,36.31686,-78.57449,1176
1,36.31688,-78.57455,1177
1,36.31691,-78.57464,1178
1,36.31691,-78.57465,1179
1,36.31706,-78.57506,1180
1,36.31713,-78.57525,1181
1,36.31713,-78.57526,1182
1,36.31735,-78.57587,1183
1,36.31748,-78.57623,1184
1,36.31758,-78.57651,1185
1,36.31763,-78.57664,1186
1,36.31764,-78.57666,1187
1,36.31765,-78.57671,1188
1,36.31769,-78.5768,1189
1,36.31779,-78.57716,1190
1,36.31783,-78.57735,1191
1,36.31786,-78.57748,1192
1,36.31787,-78.57757,1193
1,36.31787,-78.57758,1194
1,36.31787,-78.5776,1195
1,36.31788,-78.57764,1196
1,36.31789,-78.57772,1197
1,36.3179,-78.5778,1198
1,36.3179,-78.57789,1199
1,36.31791,-78.57799,1200
1,36.31791,-78.57812,1201
1,36.31791,-78.57821,1202
1,36.31791,-78.57826,1203
1,36.31791,-78.5783,1204
1,36.3179,-78.57838,1205
1,36.3179,-78.57847,1206
1,36.31789,-78.57857,1207
1,36.31788,-78.57859,1208
1,36.31787,-78.5787,1209
1,36.31787,-78.57871,1210
1,36.31786,-78.57879,1211
1,36.31785,-78.57886,1212
1,36.31783,-78.57892,1213
1,36.31783,-78.57894,1214
1,36.31782,-78.579,1215
1,36.31781,-78.57906,1216
1,36.31779,-78.57911,1217
1,36.31777,-78.57917,1218
1,36.31774,-78.57929,1219
1,36.3177,-78.57941,1220
1,36.31747,-78.5799,1221
1,36.31734,-78.58014,1222
1,36.31722,-78.58031,1223
1,36.31718,-78.58036,1224
1,36.31712,-78.58045,1225
1,36.31705,-78.58056,1226
1,36.31696,-78.58067,1227
1,36.31693,-78.58071,1228
1,36.31683,-78.58085,1229
1,36.31673,-78.58097,1230
1,36.31658,-78.58116,1231
1,36.31648,-78.58129,1232
1,36.31641,-78.58138,1233
1,36.31635,-78.58144,1234
1,36.31633,-78.58146,1235
1,36.31621,-78.58159,1236
1,36.31619,-78.58162,1237
1,36.31608,-78.58174,1238
1,36.31606,-78.58176,1239
1,36.31569,-78.58217,1240
1,36.3155,-78.58238,1241
1,36.31545,-78.58243,1242
1,36.31482,-78.58312,1243
1,36.31469,-78.58326,1244
1,36.31442,-78.58356,1245
1,36.31435,-78.58363,1246
1,36.31427,-78.58372,1247
1,36.31419,-78.58381,1248
1,36.31415,-78.58387,1249
1,36.31413,-78.5839,1250
1,36.31404,-78.58403,1251
1,36.31395,-78.58415,1252
1,36.31376,-78.58445,1253
1,36.31352,-78.58487,1254
1,36.31352,-78.58488,1255
1,36.31344,-78.58502,1256
1,36.31328,-78.5853,1257
1,36.31326,-78.58534,1258
1,36.31317,-78.58551,1259
1,36.313,-78.58582,1260
1,36.31286,-78.58618,1261
1,36.3127,-78.58661,1262
1,36.31264,-78.58675,1263
1,36.31258,-78.58693,1264
1,36.31254,-78.58701,1265
1,36.31251,-78.58709,1266
