shape_id,shape_pt_lat,shape_pt_lon,shape_pt_sequence
25642,35.66647,-80.46761,0
25642,35.66688,-80.46709,1
25642,35.66648,-80.46664,2
25642,35.66645,-80.46659,3
25642,35.66574,-80.46576,4
25642,35.66558,-80.46557,5
25642,35.66627,-80.46466,6
25642,35.66642,-80.46447,7
25642,35.66717,-80.46349,8
25642,35.66725,-80.46339,9
25642,35.66646,-80.46243,10
25642,35.66638,-80.46233,11
25642,35.66556,-80.46137,12
25642,35.66547,-80.46128,13
25642,35.6647,-80.46036,14
25642,35.66459,-80.46022,15
25642,35.66375,-80.45922,16
25642,35.66368,-80.45915,17
25642,35.66282,-80.45817,18
25642,35.6628,-80.45814,19
25642,35.66232,-80.45757,20
25642,35.66191,-80.45713,21
25642,35.66183,-80.45705,22
25642,35.66255,-80.45602,23
25642,35.66266,-80.45587,24
25642,35.66294,-80.45541,25
25642,35.66302,-80.45525,26
25642,35.66302,-80.45524,27
25642,35.66309,-80.4551,28
25642,35.66326,-80.45489,29
25642,35.66347,-80.4546,30
25642,35.66412,-80.45376,31
25642,35.66421,-80.45365,32
25642,35.66491,-80.45445,33
25642,35.66496,-80.4545,34
25642,35.66538,-80.45497,35
25642,35.6662,-80.45593,36
25642,35.66627,-80.45601,37
25642,35.667,-80.45685,38
25642,35.66711,-80.45697,39
25642,35.66804,-80.4558,40
25642,35.66817,-80.45563,41
25642,35.66846,-80.45603,42
25642,35.66875,-80.45645,43
25642,35.66903,-80.45686,44
25642,35.66918,-80.45708,45
25642,35.66925,-80.45719,46
25642,35.66932,-80.4573,47
25642,35.66938,-80.45739,48
25642,35.66944,-80.45749,49
25642,35.66949,-80.45758,50
25642,35.66954,-80.45767,51
25642,35.66959,-80.45777,52
25642,35.66964,-80.45787,53
25642,35.66975,-80.45808,54
25642,35.67036,-80.45935,55
25642,35.67267,-80.45592,56
25642,35.67308,-80.45529,57
25642,35.67315,-80.45519,58
25642,35.67336,-80.45483,59
25642,35.67339,-80.45478,60
25642,35.67345,-80.45466,61
25642,35.67362,-80.45435,62
25642,35.6738,-80.45399,63
25642,35.67401,-80.45355,64
25642,35.67423,-80.45303,65
25642,35.67426,-80.45295,66
25642,35.67505,-80.45115,67
25642,35.67509,-80.45106,68
25642,35.67585,-80.44933,69
25642,35.6759,-80.44923,70
25642,35.67657,-80.44766,71
25642,35.67662,-80.44753,72
25642,35.6777,-80.44513,73
25642,35.67776,-80.445,74
25642,35.67834,-80.44385,75
25642,35.67861,-80.44335,76
25642,35.67906,-80.44249,77
25642,35.6791,-80.4424,78
25642,35.68015,-80.44036,79
25642,35.68033,-80.44001,80
25642,35.68038,-80.43991,81
25642,35.67915,-80.43815,82
25642,35.67896,-80.43795,83
25642,35.67826,-80.43735,84
25642,35.6773,-80.43659,85
25642,35.67714,-80.43647,86
25642,35.67616,-80.43566,87
25642,35.67443,-80.43428,88
25642,35.67495,-80.43339,89
25642,35.67517,-80.43298,90
25642,35.67546,-80.43245,91
25642,35.67624,-80.43103,92
25642,35.67638,-80.43118,93
25642,35.67714,-80.43201,94
25642,35.67756,-80.43243,95
25642,35.67789,-80.43268,96
25642,35.67836,-80.43313,97
25642,35.67883,-80.43368,98
25642,35.67897,-80.43352,99
25642,35.67958,-80.43277,100
25642,35.67967,-80.4327,101
25642,35.68014,-80.43205,102
25642,35.68023,-80.43193,103
25642,35.68031,-80.43181,104
25642,35.68068,-80.43134,105
25642,35.6811,-80.43079,106
25642,35.68119,-80.43068,107
25642,35.68123,-80.43062,108
25642,35.68124,-80.43061,109
25642,35.68127,-80.43061,110
25642,35.68129,-80.43062,111
25642,35.6813,-80.43062,112
25642,35.68308,-80.43199,113
25642,35.68315,-80.43204,114
25642,35.68396,-80.43268,115
25642,35.68408,-80.43277,116
25642,35.68467,-80.43164,117
25642,35.68552,-80.42999,118
25642,35.68599,-80.42907,119
25642,35.68666,-80.42781,120
25642,35.68733,-80.42653,121
25642,35.68825,-80.42486,122
25642,35.68839,-80.42462,123
25642,35.68846,-80.42451,124
25642,35.68853,-80.42441,125
25642,35.68864,-80.42428,126
25642,35.68874,-80.42417,127
25642,35.68894,-80.42397,128
25642,35.68959,-80.4233,129
25642,35.68997,-80.42293,130
25642,35.69012,-80.42312,131
25642,35.69026,-80.42327,132
25642,35.69035,-80.42337,133
25642,35.69049,-80.42349,134
25642,35.69086,-80.42373,135
25642,35.69153,-80.42415,136
25642,35.69161,-80.42421,137
25642,35.69173,-80.42429,138
25642,35.69283,-80.42497,139
25642,35.69315,-80.42515,140
25642,35.69287,-80.42569,141
25642,35.6928,-80.42582,142
25642,35.69245,-80.4265,143
25642,35.69126,-80.42876,144
25642,35.69067,-80.4299,145
25642,35.6905,-80.43025,146
25642,35.68996,-80.43128,147
25642,35.68943,-80.4323,148
25642,35.68929,-80.43256,149
25642,35.68899,-80.43313,150
25642,35.68889,-80.43333,151
25642,35.68883,-80.43344,152
25642,35.68869,-80.43373,153
25642,35.68859,-80.43393,154
25642,35.68844,-80.43422,155
25642,35.6883,-80.43448,156
25642,35.68822,-80.43463,157
25642,35.68808,-80.4349,158
25642,35.68771,-80.43563,159
25642,35.68755,-80.43595,160
25642,35.6871,-80.43681,161
25642,35.68702,-80.43697,162
25642,35.68668,-80.43762,163
25642,35.68659,-80.43775,164
25642,35.68657,-80.43779,165
25642,35.68653,-80.43784,166
25642,35.68649,-80.43789,167
25642,35.68644,-80.43795,168
25642,35.68635,-80.43805,169
25642,35.68627,-80.43813,170
25642,35.68611,-80.43827,171
25642,35.68578,-80.43857,172
25642,35.68509,-80.43921,173
25642,35.68493,-80.43936,174
25642,35.68418,-80.44005,175
25642,35.68412,-80.44011,176
25642,35.68402,-80.44023,177
25642,35.68395,-80.4404,178
25642,35.68393,-80.44044,179
25642,35.68391,-80.44048,180
25642,35.68371,-80.44105,181
25642,35.68333,-80.44211,182
25642,35.68293,-80.44326,183
25642,35.68289,-80.44336,184
25642,35.68284,-80.4435,185
25642,35.68241,-80.44474,186
25642,35.68231,-80.445,187
25642,35.68145,-80.44743,188
25642,35.68096,-80.44881,189
25642,35.68079,-80.44929,190
25642,35.68046,-80.45024,191
25642,35.67995,-80.45165,192
25642,35.68228,-80.45289,193
25642,35.68342,-80.4535,194
25642,35.68292,-80.45488,195
25642,35.68178,-80.45429,196
25642,35.68076,-80.45373,197
25642,35.68066,-80.45368,198
25642,35.67947,-80.45304,199
25642,35.67902,-80.45428,200
25642,35.67897,-80.45444,201
25642,35.67886,-80.45474,202
25642,35.67879,-80.45494,203
25642,35.67875,-80.45509,204
25642,35.67867,-80.45525,205
25642,35.67862,-80.45535,206
25642,35.67857,-80.45542,207
25642,35.67852,-80.45548,208
25642,35.67842,-80.45563,209
25642,35.67833,-80.45574,210
25642,35.67816,-80.45596,211
25642,35.67786,-80.45635,212
25642,35.67697,-80.4575,213
25642,35.67689,-80.45761,214
25642,35.67615,-80.45857,215
25642,35.67537,-80.45958,216
25642,35.67532,-80.45964,217
25642,35.67427,-80.46101,218
25642,35.67345,-80.46208,219
25642,35.67336,-80.46219,220
25642,35.6725,-80.46331,221
25642,35.67216,-80.46375,222
25642,35.67208,-80.46384,223
25642,35.67203,-80.4639,224
25642,35.67167,-80.46442,225
25642,35.67088,-80.4654,226
25642,35.67082,-80.46548,227
25642,35.6701,-80.4664,228
25642,35.66998,-80.46655,229
25642,35.66913,-80.46766,230
25642,35.6688,-80.46808,231
25642,35.66874,-80.46816,232
25642,35.66829,-80.46873,233
25642,35.66748,-80.46779,234
25642,35.66734,-80.46763,235
25642,35.66646,-80.46881,236
25642,35.66623,-80.46854,237
25642,35.66596,-80.46823,238
25642,35.66627,-80.46785,239
25642,35.66646,-80.46761,240
25644,35.66646,-80.46761,0
25644,35.66688,-80.46709,1
25644,35.66734,-80.46763,2
25644,35.66829,-80.46873,3
25644,35.66807,-80.46902,4
25644,35.66739,-80.46989,5
25644,35.66833,-80.471,6
25644,35.6692,-80.47201,7
25644,35.67011,-80.47308,8
25644,35.67099,-80.47194,9
25644,35.67185,-80.47088,10
25644,35.67271,-80.46983,11
25644,35.67273,-80.4698,12
25644,35.67333,-80.46897,13
25644,35.67343,-80.46889,14
25644,35.67346,-80.46885,15
25644,35.67356,-80.46869,16
25644,35.67452,-80.46978,17
25644,35.67505,-80.47048,18
25644,35.67545,-80.4706,19
25644,35.67548,-80.47061,20
25644,35.67691,-80.47092,21
25644,35.67715,-80.47099,22
25644,35.67726,-80.47101,23
25644,35.67771,-80.47112,24
25644,35.67824,-80.47124,25
25644,35.67828,-80.47125,26
25644,35.6794,-80.47151,27
25644,35.68047,-80.47152,28
25644,35.68114,-80.4715,29
25644,35.68149,-80.47146,30
25644,35.68181,-80.47144,31
25644,35.68195,-80.47143,32
25644,35.68246,-80.4714,33
25644,35.68282,-80.47131,34
25644,35.68303,-80.47124,35
25644,35.68349,-80.47385,36
25644,35.6835,-80.47393,37
25644,35.68383,-80.47581,38
25644,35.68399,-80.47675,39
25644,35.68407,-80.47723,40
25644,35.68412,-80.4775,41
25644,35.68416,-80.47776,42
25644,35.68419,-80.47797,43
25644,35.68428,-80.47855,44
25644,35.68433,-80.47879,45
25644,35.6844,-80.47909,46
25644,35.68446,-80.47925,47
25644,35.68407,-80.47934,48
25644,35.68302,-80.47958,49
25644,35.68293,-80.47961,50
25644,35.68285,-80.47963,51
25644,35.68275,-80.47967,52
25644,35.68253,-80.4798,53
25644,35.68238,-80.47986,54
25644,35.68227,-80.47987,55
25644,35.68217,-80.47987,56
25644,35.68208,-80.47987,57
25644,35.68199,-80.47987,58
25644,35.68191,-80.47986,59
25644,35.68157,-80.47973,60
25644,35.68068,-80.47912,61
25644,35.67977,-80.4791,62
25644,35.6796,-80.4791,63
25644,35.67955,-80.47934,64
25644,35.67956,-80.4799,65
25644,35.67957,-80.48025,66
25644,35.67959,-80.48086,67
25644,35.679,-80.48059,68
25644,35.67894,-80.48066,69
25644,35.67888,-80.48069,70
25644,35.67879,-80.48071,71
25644,35.67825,-80.48066,72
25644,35.67823,-80.48082,73
25644,35.67825,-80.48094,74
25644,35.67828,-80.48104,75
25644,35.67862,-80.48237,76
25644,35.67898,-80.48382,77
25644,35.67943,-80.48364,78
25644,35.67974,-80.48488,79
25644,35.68007,-80.48616,80
25644,35.6804,-80.48734,81
25644,35.68043,-80.48746,82
25644,35.68162,-80.48695,83
25644,35.68255,-80.48659,84
25644,35.68322,-80.48631,85
25644,35.68358,-80.48618,86
25644,35.68405,-80.48771,87
25644,35.68427,-80.48761,88
25644,35.68385,-80.48605,89
25644,35.68645,-80.48498,90
25644,35.68686,-80.48481,91
25644,35.68672,-80.48438,92
25644,35.68668,-80.48422,93
25644,35.6866,-80.48396,94
25644,35.68655,-80.48382,95
25644,35.68649,-80.48363,96
25644,35.68639,-80.48334,97
25644,35.68613,-80.48254,98
25644,35.68609,-80.48243,99
25644,35.68603,-80.48222,100
25644,35.68598,-80.48206,101
25644,35.68585,-80.48169,102
25644,35.68584,-80.48165,103
25644,35.68579,-80.4815,104
25644,35.68577,-80.48143,105
25644,35.68573,-80.48135,106
25644,35.68569,-80.48124,107
25644,35.68559,-80.48105,108
25644,35.68548,-80.48087,109
25644,35.6853,-80.48058,110
25644,35.68446,-80.47925,111
25644,35.6844,-80.47909,112
25644,35.68433,-80.47879,113
25644,35.68428,-80.47855,114
25644,35.68416,-80.47776,115
25644,35.68412,-80.4775,116
25644,35.68407,-80.47723,117
25644,35.68399,-80.47675,118
25644,35.68383,-80.47581,119
25644,35.6835,-80.47393,120
25644,35.68303,-80.47124,121
25644,35.68282,-80.47131,122
25644,35.68246,-80.4714,123
25644,35.68195,-80.47143,124
25644,35.68181,-80.47144,125
25644,35.68149,-80.47146,126
25644,35.68114,-80.4715,127
25644,35.68047,-80.47152,128
25644,35.6794,-80.47151,129
25644,35.67828,-80.47125,130
25644,35.67771,-80.47112,131
25644,35.67715,-80.47099,132
25644,35.67698,-80.47094,133
25644,35.67691,-80.47092,134
25644,35.67548,-80.47061,135
25644,35.67582,-80.47017,136
25644,35.67616,-80.46973,137
25644,35.67531,-80.46872,138
25644,35.67452,-80.46978,139
25644,35.67356,-80.46869,140
25644,35.67346,-80.46885,141
25644,35.67343,-80.46889,142
25644,35.67333,-80.46897,143
25644,35.67271,-80.46983,144
25644,35.67185,-80.47088,145
25644,35.67099,-80.47194,146
25644,35.67046,-80.47262,147
25644,35.67011,-80.47308,148
25644,35.6692,-80.47201,149
25644,35.66833,-80.471,150
25644,35.66739,-80.46989,151
25644,35.66646,-80.46881,152
25644,35.66612,-80.46841,153
25644,35.66596,-80.46823,154
25644,35.66646,-80.46761,155
25645,35.66646,-80.46761,0
25645,35.66688,-80.46709,1
25645,35.66734,-80.46763,2
25645,35.66829,-80.46873,3
25645,35.66739,-80.46989,4
25645,35.66833,-80.471,5
25645,35.6692,-80.47201,6
25645,35.67011,-80.47308,7
25645,35.671,-80.47409,8
25645,35.67112,-80.47424,9
25645,35.67156,-80.47476,10
25645,35.67187,-80.47512,11
25645,35.67279,-80.47617,12
25645,35.67301,-80.47644,13
25645,35.6731,-80.47656,14
25645,35.67319,-80.47669,15
25645,35.67344,-80.47711,16
25645,35.67353,-80.47726,17
25645,35.67414,-80.47839,18
25645,35.67422,-80.47854,19
25645,35.67429,-80.47865,20
25645,35.67436,-80.47876,21
25645,35.67439,-80.47881,22
25645,35.67447,-80.47891,23
25645,35.67458,-80.47905,24
25645,35.67466,-80.47915,25
25645,35.67468,-80.47918,26
25645,35.67475,-80.47925,27
25645,35.67477,-80.47927,28
25645,35.67488,-80.47937,29
25645,35.67515,-80.47953,30
25645,35.67526,-80.47957,31
25645,35.67531,-80.47958,32
25645,35.67537,-80.4796,33
25645,35.67555,-80.47962,34
25645,35.67659,-80.47974,35
25645,35.67704,-80.4798,36
25645,35.6773,-80.47984,37
25645,35.67766,-80.47995,38
25645,35.67836,-80.48026,39
25645,35.679,-80.48059,40
25645,35.67959,-80.48086,41
25645,35.68004,-80.48109,42
25645,35.68033,-80.48125,43
25645,35.68049,-80.48132,44
25645,35.68116,-80.48166,45
25645,35.6817,-80.48192,46
25645,35.68184,-80.48199,47
25645,35.68166,-80.48266,48
25645,35.68196,-80.48398,49
25645,35.68235,-80.4853,50
25645,35.68269,-80.48654,51
25645,35.68162,-80.48695,52
25645,35.68043,-80.48746,53
25645,35.67881,-80.48844,54
25645,35.67862,-80.48855,55
25645,35.6779,-80.48889,56
25645,35.67666,-80.48959,57
25645,35.67592,-80.49027,58
25645,35.67625,-80.49074,59
25645,35.67658,-80.49118,60
25645,35.6771,-80.49187,61
25645,35.67717,-80.49196,62
25645,35.67721,-80.49201,63
25645,35.67784,-80.49288,64
25645,35.67814,-80.49354,65
25645,35.67839,-80.4945,66
25645,35.67888,-80.49644,67
25645,35.67894,-80.49668,68
25645,35.67917,-80.49759,69
25645,35.67942,-80.4983,70
25645,35.67957,-80.49857,71
25645,35.68007,-80.49924,72
25645,35.67839,-80.50433,73
25645,35.6782,-80.50492,74
25645,35.67856,-80.5051,75
25645,35.67899,-80.50531,76
25645,35.67922,-80.50543,77
25645,35.67946,-80.50556,78
25645,35.67976,-80.50572,79
25645,35.67998,-80.50584,80
25645,35.68011,-80.50591,81
25645,35.6802,-80.50596,82
25645,35.68038,-80.50606,83
25645,35.68063,-80.50621,84
25645,35.68088,-80.50635,85
25645,35.68113,-80.5065,86
25645,35.68134,-80.50663,87
25645,35.68154,-80.50675,88
25645,35.68173,-80.50687,89
25645,35.682,-80.50704,90
25645,35.68224,-80.50719,91
25645,35.68252,-80.50737,92
25645,35.68283,-80.50755,93
25645,35.68296,-80.50762,94
25645,35.68305,-80.50767,95
25645,35.68311,-80.5077,96
25645,35.68316,-80.50772,97
25645,35.68324,-80.50776,98
25645,35.68334,-80.50779,99
25645,35.6834,-80.50782,100
25645,35.68351,-80.50786,101
25645,35.6836,-80.50788,102
25645,35.68361,-80.50789,103
25645,35.68394,-80.50798,104
25645,35.68413,-80.50803,105
25645,35.68438,-80.5081,106
25645,35.68466,-80.50818,107
25645,35.68501,-80.50829,108
25645,35.68542,-80.50841,109
25645,35.68555,-80.50845,110
25645,35.68561,-80.50847,111
25645,35.68566,-80.50849,112
25645,35.68569,-80.5085,113
25645,35.68573,-80.50852,114
25645,35.68577,-80.50853,115
25645,35.68581,-80.50855,116
25645,35.68585,-80.50857,117
25645,35.68592,-80.5086,118
25645,35.68598,-80.50863,119
25645,35.68607,-80.50867,120
25645,35.68613,-80.50871,121
25645,35.6862,-80.50874,122
25645,35.68626,-80.50878,123
25645,35.68632,-80.50881,124
25645,35.6864,-80.50887,125
25645,35.68649,-80.50893,126
25645,35.6866,-80.50899,127
25645,35.68685,-80.50915,128
25645,35.6871,-80.50931,129
25645,35.68748,-80.50954,130
25645,35.68783,-80.50977,131
25645,35.68818,-80.50999,132
25645,35.68822,-80.51001,133
25645,35.68858,-80.51024,134
25645,35.68891,-80.51044,135
25645,35.68974,-80.51097,136
25645,35.68993,-80.51109,137
25645,35.69011,-80.51119,138
25645,35.69049,-80.51141,139
25645,35.69056,-80.51145,140
25645,35.69081,-80.51158,141
25645,35.69119,-80.51178,142
25645,35.6914,-80.51188,143
25645,35.69164,-80.512,144
25645,35.69168,-80.51199,145
25645,35.69171,-80.51199,146
25645,35.69175,-80.51199,147
25645,35.69177,-80.51199,148
25645,35.69179,-80.51199,149
25645,35.69189,-80.51203,150
25645,35.6923,-80.5122,151
25645,35.69244,-80.51226,152
25645,35.69245,-80.51226,153
25645,35.69254,-80.5123,154
25645,35.69249,-80.51245,155
25645,35.6924,-80.5128,156
25645,35.69234,-80.51302,157
25645,35.6923,-80.51316,158
25645,35.69227,-80.51328,159
25645,35.69209,-80.51346,160
25645,35.69205,-80.51338,161
25645,35.69204,-80.51335,162
25645,35.69203,-80.51333,163
25645,35.692,-80.51329,164
25645,35.69198,-80.51327,165
25645,35.69196,-80.51325,166
25645,35.69192,-80.51322,167
25645,35.69186,-80.51318,168
25645,35.69171,-80.51308,169
25645,35.69157,-80.51298,170
25645,35.69156,-80.51297,171
25645,35.69148,-80.51292,172
25645,35.69141,-80.51288,173
25645,35.6914,-80.51287,174
25645,35.69127,-80.51281,175
25645,35.69125,-80.51279,176
25645,35.69111,-80.51273,177
25645,35.69094,-80.51264,178
25645,35.69081,-80.51258,179
25645,35.69073,-80.51254,180
25645,35.69043,-80.5124,181
25645,35.69037,-80.51236,182
25645,35.69035,-80.51234,183
25645,35.69033,-80.5123,184
25645,35.69027,-80.51226,185
25645,35.69027,-80.51225,186
25645,35.69026,-80.51221,187
25645,35.69025,-80.51215,188
25645,35.69025,-80.51205,189
25645,35.69026,-80.51203,190
25645,35.69026,-80.512,191
25645,35.69029,-80.51194,192
25645,35.69036,-80.51175,193
25645,35.69043,-80.51156,194
25645,35.69048,-80.51142,195
25645,35.69049,-80.51141,196
25645,35.69011,-80.51119,197
25645,35.68993,-80.51109,198
25645,35.68974,-80.51097,199
25645,35.68891,-80.51044,200
25645,35.68858,-80.51024,201
25645,35.68822,-80.51001,202
25645,35.68783,-80.50977,203
25645,35.68748,-80.50954,204
25645,35.6871,-80.50931,205
25645,35.68685,-80.50915,206
25645,35.6866,-80.50899,207
25645,35.68649,-80.50893,208
25645,35.6864,-80.50887,209
25645,35.68632,-80.50881,210
25645,35.68626,-80.50878,211
25645,35.6862,-80.50874,212
25645,35.68613,-80.50871,213
25645,35.68607,-80.50867,214
25645,35.68598,-80.50863,215
25645,35.68592,-80.5086,216
25645,35.68585,-80.50857,217
25645,35.68581,-80.50855,218
25645,35.68577,-80.50853,219
25645,35.68573,-80.50852,220
25645,35.68569,-80.5085,221
25645,35.68566,-80.50849,222
25645,35.68561,-80.50847,223
25645,35.68555,-80.50845,224
25645,35.68542,-80.50841,225
25645,35.68513,-80.50833,226
25645,35.68501,-80.50829,227
25645,35.68466,-80.50818,228
25645,35.68438,-80.5081,229
25645,35.68413,-80.50803,230
25645,35.68394,-80.50798,231
25645,35.68361,-80.50789,232
25645,35.6836,-80.50788,233
25645,35.68351,-80.50786,234
25645,35.6834,-80.50782,235
25645,35.68334,-80.50779,236
25645,35.68324,-80.50776,237
25645,35.68316,-80.50772,238
25645,35.68311,-80.5077,239
25645,35.68305,-80.50767,240
25645,35.68296,-80.50762,241
25645,35.68283,-80.50755,242
25645,35.68252,-80.50737,243
25645,35.68224,-80.50719,244
25645,35.682,-80.50704,245
25645,35.68173,-80.50687,246
25645,35.68154,-80.50675,247
25645,35.68134,-80.50663,248
25645,35.68113,-80.5065,249
25645,35.68088,-80.50635,250
25645,35.68063,-80.50621,251
25645,35.68038,-80.50606,252
25645,35.6802,-80.50596,253
25645,35.68011,-80.50591,254
25645,35.67998,-80.50584,255
25645,35.67976,-80.50572,256
25645,35.67946,-80.50556,257
25645,35.67922,-80.50543,258
25645,35.67899,-80.50531,259
25645,35.67856,-80.5051,260
25645,35.6782,-80.50492,261
25645,35.67796,-80.50481,262
25645,35.67768,-80.50467,263
25645,35.67729,-80.50447,264
25645,35.67694,-80.50429,265
25645,35.6769,-80.50427,266
25645,35.67661,-80.50412,267
25645,35.67634,-80.50395,268
25645,35.67632,-80.50394,269
25645,35.67614,-80.50383,270
25645,35.67608,-80.50378,271
25645,35.67596,-80.5037,272
25645,35.67584,-80.50362,273
25645,35.6757,-80.50352,274
25645,35.67562,-80.50346,275
25645,35.67551,-80.50339,276
25645,35.67543,-80.50333,277
25645,35.67535,-80.50326,278
25645,35.67525,-80.50318,279
25645,35.67513,-80.50308,280
25645,35.67502,-80.50299,281
25645,35.67492,-80.5029,282
25645,35.67427,-80.50231,283
25645,35.67413,-80.50218,284
25645,35.67362,-80.50171,285
25645,35.67307,-80.5012,286
25645,35.67279,-80.50095,287
25645,35.67264,-80.50081,288
25645,35.67258,-80.50076,289
25645,35.67251,-80.5007,290
25645,35.67247,-80.50066,291
25645,35.67242,-80.50062,292
25645,35.67239,-80.5006,293
25645,35.67236,-80.50057,294
25645,35.67232,-80.50054,295
25645,35.67226,-80.5005,296
25645,35.67222,-80.50046,297
25645,35.67215,-80.50041,298
25645,35.67206,-80.50035,299
25645,35.67197,-80.50028,300
25645,35.67188,-80.50022,301
25645,35.6718,-80.50017,302
25645,35.67173,-80.50013,303
25645,35.67168,-80.5001,304
25645,35.67164,-80.50007,305
25645,35.67156,-80.50003,306
25645,35.67146,-80.49998,307
25645,35.67141,-80.49995,308
25645,35.67136,-80.49993,309
25645,35.67132,-80.49991,310
25645,35.67127,-80.49989,311
25645,35.6712,-80.49986,312
25645,35.67111,-80.49982,313
25645,35.67107,-80.4998,314
25645,35.67102,-80.49978,315
25645,35.67097,-80.49976,316
25645,35.67091,-80.49975,317
25645,35.67086,-80.49972,318
25645,35.67079,-80.4997,319
25645,35.67073,-80.49968,320
25645,35.67068,-80.49967,321
25645,35.6706,-80.49965,322
25645,35.67052,-80.49963,323
25645,35.67043,-80.49961,324
25645,35.67042,-80.4996,325
25645,35.67036,-80.49959,326
25645,35.67032,-80.49958,327
25645,35.67027,-80.49957,328
25645,35.67022,-80.49957,329
25645,35.67017,-80.49956,330
25645,35.67012,-80.49955,331
25645,35.67005,-80.49954,332
25645,35.66986,-80.49952,333
25645,35.66967,-80.49951,334
25645,35.6691,-80.49947,335
25645,35.66886,-80.49946,336
25645,35.66868,-80.49944,337
25645,35.66849,-80.49943,338
25645,35.66852,-80.49913,339
25645,35.66853,-80.49903,340
25645,35.66853,-80.49897,341
25645,35.66854,-80.4989,342
25645,35.66855,-80.49882,343
25645,35.66856,-80.49875,344
25645,35.66857,-80.49867,345
25645,35.66859,-80.4986,346
25645,35.66861,-80.49849,347
25645,35.66867,-80.49823,348
25645,35.66871,-80.4981,349
25645,35.66875,-80.49799,350
25645,35.66878,-80.4979,351
25645,35.66882,-80.49779,352
25645,35.66887,-80.49767,353
25645,35.66893,-80.49756,354
25645,35.66896,-80.4975,355
25645,35.66901,-80.49741,356
25645,35.66907,-80.4973,357
25645,35.66914,-80.49721,358
25645,35.6692,-80.49712,359
25645,35.66928,-80.49701,360
25645,35.66937,-80.49692,361
25645,35.66965,-80.49661,362
25645,35.66972,-80.49654,363
25645,35.66987,-80.49639,364
25645,35.66997,-80.49629,365
25645,35.6702,-80.49603,366
25645,35.67053,-80.49574,367
25645,35.67083,-80.49543,368
25645,35.67127,-80.49503,369
25645,35.67173,-80.49471,370
25645,35.67209,-80.49448,371
25645,35.67244,-80.49418,372
25645,35.67358,-80.49332,373
25645,35.67312,-80.49246,374
25645,35.67302,-80.4922,375
25645,35.67282,-80.49152,376
25645,35.67277,-80.49136,377
25645,35.67214,-80.48926,378
25645,35.67194,-80.48859,379
25645,35.67173,-80.48797,380
25645,35.67077,-80.48865,381
25645,35.67074,-80.48867,382
25645,35.67063,-80.48832,383
25645,35.67051,-80.48808,384
25645,35.66932,-80.48607,385
25645,35.66917,-80.48572,386
25645,35.66911,-80.48546,387
25645,35.66902,-80.48464,388
25645,35.66899,-80.48445,389
25645,35.66875,-80.48257,390
25645,35.66865,-80.48204,391
25645,35.6686,-80.48193,392
25645,35.66838,-80.48164,393
25645,35.66922,-80.48056,394
25645,35.66862,-80.47983,395
25645,35.66834,-80.47955,396
25645,35.66752,-80.47854,397
25645,35.6667,-80.47754,398
25645,35.66581,-80.4765,399
25645,35.66493,-80.47546,400
25645,35.66395,-80.47431,401
25645,35.66479,-80.47324,402
25645,35.66563,-80.47215,403
25645,35.66651,-80.47104,404
25645,35.66739,-80.46989,405
25645,35.66646,-80.46881,406
25645,35.66596,-80.46823,407
25645,35.66595,-80.46822,408
25645,35.66646,-80.46761,409
25646,35.66647,-80.46761,0
25646,35.66688,-80.46709,1
25646,35.66648,-80.46664,2
25646,35.66645,-80.46659,3
25646,35.66558,-80.46557,4
25646,35.66556,-80.46555,5
25646,35.66558,-80.46557,6
25646,35.6651,-80.46618,7
25646,35.66467,-80.46673,8
25646,35.6638,-80.46784,9
25646,35.66296,-80.46898,10
25646,35.66213,-80.47008,11
25646,35.66187,-80.4704,12
25646,35.66172,-80.47056,13
25646,35.66159,-80.47068,14
25646,35.66154,-80.47072,15
25646,35.66142,-80.47082,16
25646,35.66115,-80.47101,17
25646,35.66095,-80.47109,18
25646,35.66088,-80.47112,19
25646,35.6607,-80.47118,20
25646,35.66061,-80.47121,21
25646,35.66053,-80.47122,22
25646,35.66049,-80.47123,23
25646,35.66048,-80.47123,24
25646,35.66042,-80.47124,25
25646,35.66035,-80.47125,26
25646,35.66029,-80.47125,27
25646,35.66014,-80.47125,28
25646,35.66008,-80.47125,29
25646,35.65999,-80.47124,30
25646,35.65989,-80.47123,31
25646,35.65953,-80.47121,32
25646,35.65848,-80.47113,33
25646,35.65744,-80.47105,34
25646,35.65655,-80.47098,35
25646,35.656,-80.47095,36
25646,35.6559,-80.47095,37
25646,35.65554,-80.47095,38
25646,35.65515,-80.47099,39
25646,35.65503,-80.471,40
25646,35.65504,-80.47072,41
25646,35.65505,-80.47059,42
25646,35.65507,-80.47047,43
25646,35.65513,-80.47029,44
25646,35.65519,-80.47018,45
25646,35.65525,-80.47007,46
25646,35.65535,-80.46989,47
25646,35.65554,-80.46958,48
25646,35.65561,-80.46946,49
25646,35.65565,-80.46938,50
25646,35.65568,-80.46931,51
25646,35.65572,-80.46921,52
25646,35.65576,-80.46911,53
25646,35.65577,-80.46904,54
25646,35.6558,-80.46895,55
25646,35.65584,-80.46872,56
25646,35.65587,-80.46857,57
25646,35.65598,-80.46803,58
25646,35.6561,-80.46742,59
25646,35.65621,-80.46686,60
25646,35.65622,-80.46682,61
25646,35.65628,-80.46652,62
25646,35.65631,-80.46637,63
25646,35.65634,-80.46623,64
25646,35.65637,-80.46615,65
25646,35.65639,-80.46608,66
25646,35.65643,-80.46597,67
25646,35.65647,-80.46587,68
25646,35.6565,-80.46581,69
25646,35.65653,-80.46576,70
25646,35.65658,-80.46566,71
25646,35.65662,-80.46561,72
25646,35.65664,-80.46557,73
25646,35.65674,-80.46543,74
25646,35.65685,-80.46531,75
25646,35.65722,-80.46486,76
25646,35.65764,-80.46436,77
25646,35.65769,-80.4643,78
25646,35.65774,-80.46425,79
25646,35.65785,-80.46415,80
25646,35.65815,-80.46387,81
25646,35.65853,-80.46352,82
25646,35.65861,-80.46344,83
25646,35.65869,-80.46335,84
25646,35.65873,-80.46332,85
25646,35.65885,-80.46316,86
25646,35.65902,-80.46295,87
25646,35.6594,-80.46244,88
25646,35.65958,-80.46222,89
25646,35.65989,-80.46183,90
25646,35.65997,-80.46174,91
25646,35.66009,-80.46162,92
25646,35.66015,-80.46154,93
25646,35.66066,-80.46092,94
25646,35.66052,-80.46074,95
25646,35.66038,-80.46058,96
25646,35.6603,-80.46053,97
25646,35.66024,-80.46049,98
25646,35.66013,-80.46046,99
25646,35.66005,-80.46045,100
25646,35.65998,-80.46045,101
25646,35.65993,-80.46044,102
25646,35.65989,-80.46043,103
25646,35.65981,-80.46041,104
25646,35.65973,-80.46037,105
25646,35.65969,-80.46033,106
25646,35.65966,-80.4603,107
25646,35.65955,-80.46018,108
25646,35.66018,-80.45974,109
25646,35.66025,-80.4597,110
25646,35.66026,-80.4597,111
25646,35.66036,-80.45962,112
25646,35.66051,-80.45968,113
25646,35.66054,-80.4597,114
25646,35.66056,-80.45973,115
25646,35.66109,-80.46036,116
25646,35.66107,-80.46039,117
25646,35.66066,-80.46092,118
25646,35.66015,-80.46154,119
25646,35.66009,-80.46162,120
25646,35.66002,-80.46181,121
25646,35.65995,-80.46189,122
25646,35.65989,-80.46183,123
25646,35.65988,-80.46181,124
25646,35.65968,-80.46165,125
25646,35.65962,-80.46159,126
25646,35.65884,-80.46084,127
25646,35.65879,-80.46079,128
25646,35.65851,-80.46051,129
25646,35.65832,-80.46032,130
25646,35.65777,-80.45981,131
25646,35.65755,-80.45961,132
25646,35.65744,-80.45951,133
25646,35.6572,-80.45932,134
25646,35.65682,-80.45899,135
25646,35.65657,-80.45879,136
25646,35.65649,-80.45873,137
25646,35.65609,-80.4584,138
25646,35.65587,-80.45823,139
25646,35.65549,-80.45793,140
25646,35.65533,-80.45781,141
25646,35.65514,-80.45767,142
25646,35.65484,-80.45745,143
25646,35.65464,-80.45731,144
25646,35.65459,-80.45744,145
25646,35.65456,-80.45751,146
25646,35.65451,-80.45761,147
25646,35.65448,-80.45768,148
25646,35.65444,-80.45774,149
25646,35.6544,-80.4578,150
25646,35.65438,-80.45783,151
25646,35.65436,-80.45785,152
25646,35.65423,-80.45798,153
25646,35.6542,-80.45802,154
25646,35.65417,-80.45805,155
25646,35.65412,-80.45808,156
25646,35.65408,-80.45811,157
25646,35.65405,-80.45813,158
25646,35.65401,-80.45815,159
25646,35.65397,-80.45817,160
25646,35.65394,-80.45818,161
25646,35.65391,-80.45819,162
25646,35.65386,-80.4582,163
25646,35.65382,-80.45821,164
25646,35.65361,-80.45821,165
25646,35.65339,-80.4582,166
25646,35.65303,-80.45817,167
25646,35.65219,-80.45806,168
25646,35.65216,-80.45845,169
25646,35.65212,-80.45888,170
25646,35.6521,-80.459,171
25646,35.65209,-80.45907,172
25646,35.65208,-80.45913,173
25646,35.65197,-80.45963,174
25646,35.65195,-80.45973,175
25646,35.65179,-80.46048,176
25646,35.65173,-80.46081,177
25646,35.65172,-80.46091,178
25646,35.65171,-80.46102,179
25646,35.65171,-80.46115,180
25646,35.65171,-80.46102,181
25646,35.65172,-80.46091,182
25646,35.65173,-80.46081,183
25646,35.65179,-80.46048,184
25646,35.65195,-80.45973,185
25646,35.65197,-80.45963,186
25646,35.65208,-80.45913,187
25646,35.65209,-80.45907,188
25646,35.6521,-80.459,189
25646,35.65212,-80.45888,190
25646,35.65216,-80.45845,191
25646,35.65219,-80.45806,192
25646,35.65191,-80.45803,193
25646,35.65177,-80.45802,194
25646,35.6517,-80.45802,195
25646,35.65144,-80.45803,196
25646,35.65139,-80.45803,197
25646,35.65101,-80.45807,198
25646,35.65075,-80.45811,199
25646,35.65003,-80.4582,200
25646,35.6496,-80.45823,201
25646,35.64919,-80.45826,202
25646,35.6488,-80.45827,203
25646,35.64818,-80.45828,204
25646,35.64814,-80.45828,205
25646,35.64785,-80.45827,206
25646,35.64758,-80.45826,207
25646,35.6474,-80.45824,208
25646,35.64721,-80.45822,209
25646,35.64705,-80.4582,210
25646,35.6469,-80.45818,211
25646,35.64661,-80.45813,212
25646,35.64615,-80.45807,213
25646,35.64584,-80.45803,214
25646,35.64555,-80.458,215
25646,35.6448,-80.45792,216
25646,35.64462,-80.4579,217
25646,35.64374,-80.4578,218
25646,35.6436,-80.45778,219
25646,35.64335,-80.45775,220
25646,35.64306,-80.4577,221
25646,35.64276,-80.45763,222
25646,35.64275,-80.45763,223
25646,35.64253,-80.4576,224
25646,35.6425,-80.45759,225
25646,35.64205,-80.45755,226
25646,35.64202,-80.45776,227
25646,35.64197,-80.45813,228
25646,35.64194,-80.45843,229
25646,35.6419,-80.45887,230
25646,35.64188,-80.45935,231
25646,35.64188,-80.45971,232
25646,35.64188,-80.46026,233
25646,35.64191,-80.46134,234
25646,35.64194,-80.46249,235
25646,35.642,-80.46422,236
25646,35.64202,-80.46534,237
25646,35.64205,-80.46594,238
25646,35.64209,-80.46671,239
25646,35.64216,-80.46752,240
25646,35.64229,-80.46849,241
25646,35.64239,-80.4693,242
25646,35.64241,-80.46953,243
25646,35.64241,-80.4697,244
25646,35.64241,-80.46993,245
25646,35.6424,-80.47012,246
25646,35.64238,-80.47033,247
25646,35.64235,-80.4705,248
25646,35.64229,-80.47073,249
25646,35.64226,-80.47085,250
25646,35.6422,-80.47102,251
25646,35.64212,-80.47124,252
25646,35.64202,-80.47149,253
25646,35.6418,-80.47199,254
25646,35.64171,-80.47222,255
25646,35.64165,-80.47241,256
25646,35.64158,-80.47264,257
25646,35.64152,-80.47289,258
25646,35.6415,-80.47302,259
25646,35.6415,-80.47306,260
25646,35.64148,-80.47321,261
25646,35.64146,-80.47347,262
25646,35.64144,-80.4738,263
25646,35.64144,-80.47428,264
25646,35.64143,-80.4746,265
25646,35.64143,-80.4754,266
25646,35.64143,-80.47571,267
25646,35.64143,-80.4759,268
25646,35.64145,-80.47628,269
25646,35.64148,-80.4766,270
25646,35.64151,-80.47681,271
25646,35.64159,-80.47745,272
25646,35.64161,-80.47762,273
25646,35.64163,-80.47775,274
25646,35.64169,-80.47815,275
25646,35.64174,-80.47843,276
25646,35.64175,-80.47846,277
25646,35.64179,-80.47866,278
25646,35.64186,-80.47897,279
25646,35.64184,-80.47891,280
25646,35.64195,-80.47929,281
25646,35.64229,-80.48017,282
25646,35.64241,-80.4805,283
25646,35.64264,-80.48107,284
25646,35.64291,-80.4817,285
25646,35.64304,-80.48205,286
25646,35.64344,-80.48306,287
25646,35.6435,-80.4832,288
25646,35.64354,-80.48322,289
25646,35.64356,-80.48323,290
25646,35.64357,-80.48325,291
25646,35.64358,-80.48326,292
25646,35.64359,-80.48328,293
25646,35.64368,-80.48349,294
25646,35.64383,-80.48385,295
25646,35.64388,-80.48397,296
25646,35.64376,-80.48397,297
25646,35.64355,-80.48395,298
25646,35.6435,-80.48395,299
25646,35.64343,-80.48396,300
25646,35.64334,-80.48398,301
25646,35.64327,-80.48399,302
25646,35.64318,-80.484,303
25646,35.64308,-80.484,304
25646,35.643,-80.48399,305
25646,35.64291,-80.48396,306
25646,35.64284,-80.48393,307
25646,35.64276,-80.48388,308
25646,35.64268,-80.48383,309
25646,35.64262,-80.48376,310
25646,35.64252,-80.48364,311
25646,35.64243,-80.4835,312
25646,35.64234,-80.48334,313
25646,35.64222,-80.48316,314
25646,35.64214,-80.48307,315
25646,35.64205,-80.48299,316
25646,35.64196,-80.48292,317
25646,35.64189,-80.48288,318
25646,35.64184,-80.48285,319
25646,35.64178,-80.48283,320
25646,35.64171,-80.48281,321
25646,35.64166,-80.4828,322
25646,35.64161,-80.48279,323
25646,35.64155,-80.48279,324
25646,35.64146,-80.48279,325
25646,35.64134,-80.48281,326
25646,35.64124,-80.48285,327
25646,35.64111,-80.48291,328
25646,35.64099,-80.48299,329
25646,35.64096,-80.48302,330
25646,35.6408,-80.4832,331
25646,35.64043,-80.48364,332
25646,35.64035,-80.48374,333
25646,35.64012,-80.48401,334
25646,35.64,-80.48415,335
25646,35.6399,-80.48427,336
25646,35.63971,-80.48449,337
25646,35.63961,-80.48462,338
25646,35.63954,-80.48471,339
25646,35.6395,-80.4848,340
25646,35.6392,-80.48524,341
25646,35.63894,-80.48563,342
25646,35.63884,-80.48577,343
25646,35.63858,-80.48613,344
25646,35.63845,-80.48629,345
25646,35.63844,-80.48629,346
25646,35.63825,-80.4865,347
25646,35.6388,-80.48746,348
25646,35.63893,-80.48851,349
25646,35.63818,-80.48938,350
25646,35.63734,-80.4884,351
25646,35.63676,-80.488,352
25646,35.63812,-80.48653,353
25646,35.63825,-80.48639,354
25646,35.63841,-80.48621,355
25646,35.63859,-80.48599,356
25646,35.63863,-80.48595,357
25646,35.63877,-80.48574,358
25646,35.6389,-80.48557,359
25646,35.63931,-80.48498,360
25646,35.63947,-80.48476,361
25646,35.63954,-80.48471,362
25646,35.63961,-80.48462,363
25646,35.63971,-80.48449,364
25646,35.6399,-80.48427,365
25646,35.64,-80.48415,366
25646,35.64012,-80.48401,367
25646,35.64035,-80.48374,368
25646,35.64043,-80.48364,369
25646,35.6408,-80.4832,370
25646,35.64096,-80.48302,371
25646,35.64099,-80.48299,372
25646,35.64111,-80.48291,373
25646,35.64124,-80.48285,374
25646,35.64134,-80.48281,375
25646,35.64146,-80.48279,376
25646,35.64155,-80.48279,377
25646,35.64161,-80.48279,378
25646,35.64166,-80.4828,379
25646,35.64171,-80.48281,380
25646,35.64178,-80.48283,381
25646,35.64184,-80.48285,382
25646,35.64189,-80.48288,383
25646,35.64196,-80.48292,384
25646,35.64205,-80.48299,385
25646,35.64214,-80.48307,386
25646,35.64222,-80.48316,387
25646,35.64228,-80.48325,388
25646,35.64234,-80.48334,389
25646,35.64243,-80.4835,390
25646,35.64252,-80.48364,391
25646,35.64262,-80.48376,392
25646,35.64268,-80.48383,393
25646,35.64276,-80.48388,394
25646,35.64284,-80.48393,395
25646,35.64291,-80.48396,396
25646,35.643,-80.48399,397
25646,35.64308,-80.484,398
25646,35.64318,-80.484,399
25646,35.64327,-80.48399,400
25646,35.64334,-80.48398,401
25646,35.64343,-80.48396,402
25646,35.6435,-80.48395,403
25646,35.64371,-80.48387,404
25646,35.64383,-80.48385,405
25646,35.64388,-80.48397,406
25646,35.64398,-80.48423,407
25646,35.64433,-80.48511,408
25646,35.6446,-80.48581,409
25646,35.6449,-80.48652,410
25646,35.6449,-80.48653,411
25646,35.64487,-80.48662,412
25646,35.64597,-80.48932,413
25646,35.64606,-80.48955,414
25646,35.64663,-80.49098,415
25646,35.64741,-80.49292,416
25646,35.64763,-80.49347,417
25646,35.64793,-80.49418,418
25646,35.64805,-80.49435,419
25646,35.64806,-80.49437,420
25646,35.6485,-80.4942,421
25646,35.6493,-80.49379,422
25646,35.64968,-80.49354,423
25646,35.65012,-80.49304,424
25646,35.65034,-80.49272,425
25646,35.65052,-80.49245,426
25646,35.65082,-80.49199,427
25646,35.65098,-80.49175,428
25646,35.65111,-80.49154,429
25646,35.65118,-80.4914,430
25646,35.65132,-80.49112,431
25646,35.65144,-80.49086,432
25646,35.6515,-80.49072,433
25646,35.65156,-80.49057,434
25646,35.6516,-80.49045,435
25646,35.65164,-80.49032,436
25646,35.65169,-80.49018,437
25646,35.65174,-80.49002,438
25646,35.65184,-80.48964,439
25646,35.65193,-80.48921,440
25646,35.65198,-80.48891,441
25646,35.65202,-80.48869,442
25646,35.65216,-80.48771,443
25646,35.65223,-80.48732,444
25646,35.6524,-80.48616,445
25646,35.65265,-80.4856,446
25646,35.65274,-80.4854,447
25646,35.65395,-80.48283,448
25646,35.65425,-80.48172,449
25646,35.65451,-80.48078,450
25646,35.65458,-80.48062,451
25646,35.65483,-80.47943,452
25646,35.65494,-80.479,453
25646,35.65511,-80.47867,454
25646,35.6555,-80.47825,455
25646,35.65564,-80.47809,456
25646,35.65577,-80.47787,457
25646,35.65582,-80.47773,458
25646,35.65586,-80.4776,459
25646,35.65616,-80.47658,460
25646,35.65621,-80.47644,461
25646,35.65657,-80.47521,462
25646,35.65697,-80.47374,463
25646,35.65744,-80.47105,464
25646,35.65746,-80.47097,465
25646,35.65744,-80.47105,466
25646,35.65848,-80.47113,467
25646,35.65953,-80.47121,468
25646,35.65989,-80.47123,469
25646,35.65999,-80.47124,470
25646,35.66008,-80.47125,471
25646,35.66014,-80.47125,472
25646,35.66029,-80.47125,473
25646,35.66035,-80.47125,474
25646,35.66042,-80.47124,475
25646,35.66048,-80.47123,476
25646,35.66053,-80.47122,477
25646,35.66061,-80.47121,478
25646,35.6607,-80.47118,479
25646,35.66088,-80.47112,480
25646,35.66095,-80.47109,481
25646,35.66115,-80.47101,482
25646,35.66142,-80.47082,483
25646,35.66154,-80.47072,484
25646,35.66158,-80.47068,485
25646,35.66159,-80.47068,486
25646,35.66172,-80.47056,487
25646,35.66187,-80.4704,488
25646,35.66213,-80.47008,489
25646,35.66296,-80.46898,490
25646,35.6638,-80.46784,491
25646,35.66467,-80.46673,492
25646,35.6648,-80.46688,493
25646,35.66543,-80.46761,494
25646,35.66557,-80.46778,495
25646,35.66571,-80.46795,496
25646,35.66591,-80.46818,497
25646,35.66596,-80.46823,498
25646,35.66631,-80.4678,499
25646,35.66646,-80.46761,500
24305,35.66647,-80.46761,0
24305,35.66688,-80.46709,1
24305,35.66734,-80.46763,2
24305,35.66829,-80.46873,3
24305,35.66739,-80.46989,4
24305,35.66651,-80.47104,5
24305,35.66563,-80.47215,6
24305,35.66479,-80.47324,7
24305,35.66395,-80.47431,8
24305,35.66275,-80.47585,9
24305,35.66227,-80.47648,10
24305,35.66175,-80.47716,11
24305,35.66144,-80.47757,12
24305,35.66124,-80.47789,13
24305,35.66105,-80.47818,14
24305,35.66085,-80.47851,15
24305,35.66075,-80.47869,16
24305,35.6606,-80.47894,17
24305,35.66045,-80.47924,18
24305,35.66036,-80.47942,19
24305,35.6603,-80.47957,20
24305,35.66025,-80.4797,21
24305,35.66019,-80.47988,22
24305,35.65979,-80.48107,23
24305,35.6608,-80.48181,24
24305,35.66168,-80.48244,25
24305,35.66272,-80.48322,26
24305,35.66207,-80.4839,27
24305,35.66163,-80.48432,28
24305,35.66147,-80.48449,29
24305,35.66014,-80.48572,30
24305,35.65924,-80.48658,31
24305,35.65825,-80.48731,32
24305,35.65804,-80.48744,33
24305,35.65797,-80.48748,34
24305,35.65789,-80.48752,35
24305,35.65779,-80.48758,36
24305,35.65745,-80.48777,37
24305,35.65736,-80.48782,38
24305,35.65708,-80.48798,39
24305,35.65697,-80.48825,40
24305,35.6567,-80.48885,41
24305,35.65669,-80.48894,42
24305,35.65639,-80.48961,43
24305,35.65617,-80.49011,44
24305,35.65602,-80.49048,45
24305,35.65579,-80.49099,46
24305,35.65575,-80.49105,47
24305,35.65558,-80.49141,48
24305,35.65501,-80.49272,49
24305,35.6544,-80.49401,50
24305,35.65423,-80.49435,51
24305,35.65411,-80.49458,52
24305,35.65386,-80.49507,53
24305,35.65311,-80.49649,54
24305,35.65287,-80.49685,55
24305,35.65234,-80.4976,56
24305,35.65252,-80.49776,57
24305,35.65262,-80.49782,58
24305,35.65273,-80.49789,59
24305,35.65314,-80.49819,60
24305,35.65322,-80.49825,61
24305,35.65328,-80.49831,62
24305,35.65334,-80.49838,63
24305,35.65341,-80.49846,64
24305,35.65345,-80.49854,65
24305,35.65349,-80.49861,66
24305,35.65352,-80.49867,67
24305,35.65354,-80.49875,68
24305,35.65359,-80.49891,69
24305,35.65365,-80.49909,70
24305,35.6537,-80.49923,71
24305,35.65375,-80.49936,72
24305,35.65378,-80.49941,73
24305,35.65383,-80.49948,74
24305,35.65386,-80.49952,75
24305,35.65389,-80.49957,76
24305,35.65394,-80.49962,77
24305,35.65397,-80.49965,78
24305,35.65399,-80.49967,79
24305,35.65402,-80.49969,80
24305,35.65407,-80.49973,81
24305,35.65409,-80.49974,82
24305,35.65412,-80.49976,83
24305,35.65417,-80.49979,84
24305,35.65421,-80.49981,85
24305,35.65427,-80.49983,86
24305,35.65432,-80.49985,87
24305,35.65434,-80.49986,88
24305,35.65437,-80.49988,89
24305,35.6544,-80.49989,90
24305,35.65449,-80.49996,91
24305,35.65475,-80.50002,92
24305,35.65479,-80.50002,93
24305,35.65487,-80.50004,94
24305,35.65496,-80.50006,95
24305,35.65518,-80.5001,96
24305,35.65539,-80.50013,97
24305,35.65561,-80.50016,98
24305,35.65583,-80.50018,99
24305,35.6562,-80.5002,100
24305,35.65755,-80.50024,101
24305,35.65795,-80.50025,102
24305,35.65942,-80.50029,103
24305,35.65973,-80.5003,104
24305,35.66039,-80.50034,105
24305,35.66062,-80.50035,106
24305,35.66082,-80.50035,107
24305,35.66106,-80.50036,108
24305,35.66107,-80.50036,109
24305,35.66126,-80.50037,110
24305,35.66139,-80.50037,111
24305,35.66149,-80.50036,112
24305,35.66158,-80.50035,113
24305,35.66166,-80.50034,114
24305,35.66174,-80.50033,115
24305,35.66194,-80.50028,116
24305,35.66216,-80.50021,117
24305,35.66228,-80.50016,118
24305,35.66245,-80.50008,119
24305,35.66286,-80.49989,120
24305,35.66289,-80.49987,121
24305,35.66292,-80.49987,122
24305,35.66302,-80.49989,123
24305,35.66345,-80.49968,124
24305,35.66351,-80.49958,125
24305,35.66353,-80.49957,126
24305,35.66354,-80.49956,127
24305,35.66359,-80.49954,128
24305,35.66368,-80.4995,129
24305,35.66407,-80.49934,130
24305,35.66427,-80.49927,131
24305,35.66449,-80.4992,132
24305,35.66449,-80.49935,133
24305,35.66448,-80.49946,134
24305,35.66442,-80.50031,135
24305,35.66438,-80.50094,136
24305,35.66429,-80.50235,137
24305,35.66428,-80.50253,138
24305,35.66427,-80.50263,139
24305,35.66426,-80.5027,140
24305,35.66425,-80.50276,141
24305,35.66423,-80.50285,142
24305,35.66421,-80.50293,143
24305,35.66418,-80.50303,144
24305,35.66415,-80.50313,145
24305,35.6641,-80.50324,146
24305,35.66405,-80.50334,147
24305,35.664,-80.50345,148
24305,35.66394,-80.50355,149
24305,35.66387,-80.50366,150
24305,35.66383,-80.50371,151
24305,35.66377,-80.50378,152
24305,35.66368,-80.50386,153
24305,35.66358,-80.50395,154
24305,35.66344,-80.50406,155
24305,35.66325,-80.50421,156
24305,35.66308,-80.50371,157
24305,35.66294,-80.50328,158
24305,35.66282,-80.50291,159
24305,35.6628,-80.50287,160
24305,35.66251,-80.50201,161
24305,35.66224,-80.5012,162
24305,35.66212,-80.50084,163
24305,35.66199,-80.50044,164
24305,35.66194,-80.50028,165
24305,35.66216,-80.50021,166
24305,35.66228,-80.50016,167
24305,35.66245,-80.50008,168
24305,35.66286,-80.49989,169
24305,35.66289,-80.49987,170
24305,35.66292,-80.49987,171
24305,35.66302,-80.49989,172
24305,35.66345,-80.49968,173
24305,35.66351,-80.49958,174
24305,35.66353,-80.49957,175
24305,35.66354,-80.49956,176
24305,35.66359,-80.49954,177
24305,35.66368,-80.4995,178
24305,35.66407,-80.49934,179
24305,35.66427,-80.49927,180
24305,35.66449,-80.4992,181
24305,35.66453,-80.49846,182
24305,35.66454,-80.49822,183
24305,35.66455,-80.49815,184
24305,35.66457,-80.49793,185
24305,35.66457,-80.49786,186
24305,35.66461,-80.49759,187
24305,35.66477,-80.49682,188
24305,35.66508,-80.49593,189
24305,35.66571,-80.49429,190
24305,35.66573,-80.49403,191
24305,35.66554,-80.4925,192
24305,35.66518,-80.49107,193
24305,35.66488,-80.48978,194
24305,35.66441,-80.48674,195
24305,35.66428,-80.4861,196
24305,35.6639,-80.48514,197
24305,35.66374,-80.48454,198
24305,35.66364,-80.48388,199
24305,35.66364,-80.48384,200
24305,35.66364,-80.48324,201
24305,35.66372,-80.48161,202
24305,35.66409,-80.48103,203
24305,35.6642,-80.48088,204
24305,35.66512,-80.4799,205
24305,35.66594,-80.47873,206
24305,35.6667,-80.47754,207
24305,35.66677,-80.47744,208
24305,35.66749,-80.47638,209
24305,35.66836,-80.4753,210
24305,35.66921,-80.47421,211
24305,35.67011,-80.47308,212
24305,35.6692,-80.47201,213
24305,35.66833,-80.471,214
24305,35.66739,-80.46989,215
24305,35.66646,-80.46881,216
24305,35.66596,-80.46823,217
24305,35.66646,-80.46761,218
24305,35.66646,-80.46762,219
24305,35.66645,-80.46763,220
24305,35.66646,-80.46761,221
24306,35.66647,-80.46761,0
24306,35.66688,-80.46709,1
24306,35.66648,-80.46664,2
24306,35.66645,-80.46659,3
24306,35.66558,-80.46557,4
24306,35.6651,-80.46618,5
24306,35.66467,-80.46673,6
24306,35.6638,-80.46784,7
24306,35.66296,-80.46898,8
24306,35.66213,-80.47008,9
24306,35.66187,-80.4704,10
24306,35.66172,-80.47056,11
24306,35.66159,-80.47068,12
24306,35.66154,-80.47072,13
24306,35.66142,-80.47082,14
24306,35.66115,-80.47101,15
24306,35.66095,-80.47109,16
24306,35.66088,-80.47112,17
24306,35.6607,-80.47118,18
24306,35.66061,-80.47121,19
24306,35.66053,-80.47122,20
24306,35.66048,-80.47123,21
24306,35.66042,-80.47124,22
24306,35.66035,-80.47125,23
24306,35.66029,-80.47125,24
24306,35.66014,-80.47125,25
24306,35.66008,-80.47125,26
24306,35.65999,-80.47124,27
24306,35.65989,-80.47123,28
24306,35.65953,-80.47121,29
24306,35.65848,-80.47113,30
24306,35.65744,-80.47105,31
24306,35.65655,-80.47098,32
24306,35.656,-80.47095,33
24306,35.6559,-80.47095,34
24306,35.65554,-80.47095,35
24306,35.65515,-80.47099,36
24306,35.65503,-80.471,37
24306,35.65452,-80.47109,38
24306,35.6543,-80.47114,39
24306,35.65412,-80.47118,40
24306,35.65385,-80.47126,41
24306,35.65372,-80.47131,42
24306,35.65297,-80.47157,43
24306,35.65245,-80.47175,44
24306,35.65088,-80.47231,45
24306,35.65038,-80.47248,46
24306,35.65035,-80.47249,47
24306,35.64905,-80.47293,48
24306,35.64837,-80.47312,49
24306,35.64827,-80.47315,50
24306,35.64806,-80.47321,51
24306,35.64776,-80.47329,52
24306,35.64742,-80.47229,53
24306,35.64706,-80.47133,54
24306,35.64545,-80.47007,55
24306,35.6451,-80.4698,56
24306,35.64307,-80.46822,57
24306,35.64216,-80.46752,58
24306,35.64229,-80.46849,59
24306,35.64239,-80.4693,60
24306,35.64241,-80.46953,61
24306,35.64241,-80.4697,62
24306,35.64241,-80.46993,63
24306,35.6424,-80.47012,64
24306,35.64238,-80.47033,65
24306,35.64235,-80.4705,66
24306,35.64229,-80.47073,67
24306,35.64226,-80.47085,68
24306,35.6422,-80.47102,69
24306,35.64212,-80.47124,70
24306,35.64202,-80.47149,71
24306,35.6418,-80.47199,72
24306,35.64171,-80.47222,73
24306,35.64165,-80.47241,74
24306,35.64158,-80.47264,75
24306,35.64152,-80.47289,76
24306,35.6415,-80.47302,77
24306,35.6415,-80.47306,78
24306,35.64148,-80.47321,79
24306,35.64146,-80.47347,80
24306,35.64144,-80.4738,81
24306,35.64105,-80.47378,82
24306,35.64099,-80.47378,83
24306,35.64066,-80.47378,84
24306,35.64061,-80.47379,85
24306,35.6404,-80.47382,86
24306,35.64025,-80.47383,87
24306,35.64,-80.47389,88
24306,35.6397,-80.474,89
24306,35.63896,-80.4743,90
24306,35.63839,-80.47455,91
24306,35.63835,-80.47457,92
24306,35.63818,-80.47463,93
24306,35.63799,-80.4747,94
24306,35.63772,-80.47476,95
24306,35.63754,-80.47478,96
24306,35.63712,-80.47482,97
24306,35.63705,-80.47485,98
24306,35.63703,-80.47485,99
24306,35.63639,-80.47493,100
24306,35.6361,-80.47496,101
24306,35.6361,-80.47542,102
24306,35.6361,-80.47548,103
24306,35.63608,-80.47575,104
24306,35.6361,-80.47797,105
24306,35.6361,-80.47822,106
24306,35.63611,-80.47894,107
24306,35.63612,-80.479,108
24306,35.63613,-80.47904,109
24306,35.63613,-80.47906,110
24306,35.63615,-80.47907,111
24306,35.63617,-80.47909,112
24306,35.63625,-80.4791,113
24306,35.63658,-80.47911,114
24306,35.63695,-80.47912,115
24306,35.63704,-80.47911,116
24306,35.63713,-80.4791,117
24306,35.63736,-80.47908,118
24306,35.63741,-80.47908,119
24306,35.63754,-80.47907,120
24306,35.63764,-80.47906,121
24306,35.63771,-80.47906,122
24306,35.63783,-80.47908,123
24306,35.63799,-80.47912,124
24306,35.63812,-80.47918,125
24306,35.63816,-80.47921,126
24306,35.63822,-80.47925,127
24306,35.63845,-80.47941,128
24306,35.63852,-80.47947,129
24306,35.6386,-80.47952,130
24306,35.63869,-80.47956,131
24306,35.63879,-80.47958,132
24306,35.63889,-80.47958,133
24306,35.63898,-80.47958,134
24306,35.63905,-80.47958,135
24306,35.63907,-80.47958,136
24306,35.63909,-80.47959,137
24306,35.63911,-80.4796,138
24306,35.63915,-80.47962,139
24306,35.63917,-80.47965,140
24306,35.63921,-80.47971,141
24306,35.63924,-80.47977,142
24306,35.63936,-80.48,143
24306,35.63939,-80.48005,144
24306,35.63945,-80.48013,145
24306,35.63953,-80.48022,146
24306,35.63955,-80.48023,147
24306,35.63963,-80.4803,148
24306,35.63976,-80.48039,149
24306,35.63986,-80.48043,150
24306,35.64009,-80.48054,151
24306,35.64029,-80.4806,152
24306,35.64091,-80.48086,153
24306,35.64095,-80.48088,154
24306,35.64097,-80.48075,155
24306,35.64098,-80.48064,156
24306,35.64098,-80.48031,157
24306,35.64097,-80.47975,158
24306,35.64096,-80.47884,159
24306,35.64095,-80.47877,160
24306,35.64096,-80.47864,161
24306,35.64097,-80.47858,162
24306,35.64098,-80.47856,163
24306,35.64099,-80.47852,164
24306,35.64101,-80.47845,165
24306,35.64103,-80.47843,166
24306,35.64106,-80.47838,167
24306,35.64115,-80.47829,168
24306,35.6412,-80.47825,169
24306,35.64125,-80.47822,170
24306,35.64131,-80.4782,171
24306,35.64142,-80.47817,172
24306,35.64148,-80.47817,173
24306,35.64169,-80.47815,174
24306,35.64174,-80.47843,175
24306,35.64175,-80.47846,176
24306,35.64179,-80.47866,177
24306,35.64186,-80.47897,178
24306,35.64184,-80.47891,179
24306,35.64195,-80.47929,180
24306,35.64229,-80.48017,181
24306,35.64241,-80.4805,182
24306,35.64264,-80.48107,183
24306,35.64291,-80.4817,184
24306,35.64304,-80.48205,185
24306,35.64344,-80.48306,186
24306,35.6435,-80.4832,187
24306,35.64354,-80.48322,188
24306,35.64356,-80.48323,189
24306,35.64357,-80.48325,190
24306,35.64358,-80.48326,191
24306,35.64359,-80.48328,192
24306,35.64368,-80.48349,193
24306,35.64383,-80.48385,194
24306,35.64388,-80.48397,195
24306,35.64433,-80.48511,196
24306,35.6446,-80.48581,197
24306,35.6449,-80.48652,198
24306,35.6449,-80.48653,199
24306,35.64487,-80.48662,200
24306,35.64606,-80.48955,201
24306,35.64663,-80.49098,202
24306,35.64741,-80.49292,203
24306,35.64763,-80.49347,204
24306,35.64793,-80.49418,205
24306,35.64806,-80.49437,206
24306,35.6485,-80.4942,207
24306,35.64882,-80.49403,208
24306,35.6493,-80.49379,209
24306,35.64968,-80.49354,210
24306,35.65012,-80.49304,211
24306,35.65052,-80.49245,212
24306,35.65082,-80.49199,213
24306,35.65098,-80.49175,214
24306,35.65111,-80.49154,215
24306,35.65118,-80.4914,216
24306,35.65132,-80.49112,217
24306,35.65144,-80.49086,218
24306,35.6515,-80.49072,219
24306,35.65156,-80.49057,220
24306,35.6516,-80.49045,221
24306,35.65164,-80.49032,222
24306,35.65169,-80.49018,223
24306,35.65174,-80.49002,224
24306,35.65184,-80.48964,225
24306,35.65193,-80.48921,226
24306,35.65198,-80.48891,227
24306,35.65202,-80.48869,228
24306,35.65216,-80.48771,229
24306,35.65223,-80.48732,230
24306,35.6524,-80.48616,231
24306,35.65265,-80.4856,232
24306,35.65395,-80.48283,233
24306,35.65425,-80.48172,234
24306,35.65451,-80.48078,235
24306,35.65458,-80.48062,236
24306,35.65483,-80.47943,237
24306,35.65494,-80.479,238
24306,35.65511,-80.47867,239
24306,35.6555,-80.47825,240
24306,35.65564,-80.47809,241
24306,35.65577,-80.47787,242
24306,35.65582,-80.47773,243
24306,35.65586,-80.4776,244
24306,35.65616,-80.47658,245
24306,35.65657,-80.47521,246
24306,35.65697,-80.47374,247
24306,35.65723,-80.47225,248
24306,35.65744,-80.47105,249
24306,35.65848,-80.47113,250
24306,35.65953,-80.47121,251
24306,35.65989,-80.47123,252
24306,35.65999,-80.47124,253
24306,35.66008,-80.47125,254
24306,35.66014,-80.47125,255
24306,35.66029,-80.47125,256
24306,35.66035,-80.47125,257
24306,35.66042,-80.47124,258
24306,35.66048,-80.47123,259
24306,35.66053,-80.47122,260
24306,35.66061,-80.47121,261
24306,35.6607,-80.47118,262
24306,35.66088,-80.47112,263
24306,35.66095,-80.47109,264
24306,35.66115,-80.47101,265
24306,35.66142,-80.47082,266
24306,35.66154,-80.47072,267
24306,35.66159,-80.47068,268
24306,35.66172,-80.47056,269
24306,35.66187,-80.4704,270
24306,35.66213,-80.47008,271
24306,35.66296,-80.46898,272
24306,35.6638,-80.46784,273
24306,35.66467,-80.46673,274
24306,35.66489,-80.46698,275
24306,35.66543,-80.46761,276
24306,35.66557,-80.46778,277
24306,35.66571,-80.46795,278
24306,35.66596,-80.46823,279
24306,35.66648,-80.46759,280
24306,35.66646,-80.46761,281
24306,35.66596,-80.46823,282
24306,35.66571,-80.46795,283
24306,35.66557,-80.46778,284
24306,35.66543,-80.46761,285
24306,35.66467,-80.46673,286
24306,35.6638,-80.46784,287
24306,35.66296,-80.46898,288
24306,35.66213,-80.47008,289
24306,35.66187,-80.4704,290
24306,35.66172,-80.47056,291
24306,35.66159,-80.47068,292
24306,35.66154,-80.47072,293
24306,35.66142,-80.47082,294
24306,35.66115,-80.47101,295
24306,35.66095,-80.47109,296
24306,35.66088,-80.47112,297
24306,35.6607,-80.47118,298
24306,35.66061,-80.47121,299
24306,35.66053,-80.47122,300
24306,35.66048,-80.47123,301
24306,35.66042,-80.47124,302
24306,35.66035,-80.47125,303
24306,35.66029,-80.47125,304
24306,35.66014,-80.47125,305
24306,35.66008,-80.47125,306
24306,35.65999,-80.47124,307
24306,35.65989,-80.47123,308
24306,35.65953,-80.47121,309
24306,35.65848,-80.47113,310
24306,35.65744,-80.47105,311
24306,35.65697,-80.47374,312
24306,35.65657,-80.47521,313
24306,35.65616,-80.47658,314
24306,35.65586,-80.4776,315
24306,35.65582,-80.47773,316
24306,35.65577,-80.47787,317
24306,35.65564,-80.47809,318
24306,35.6555,-80.47825,319
24306,35.65511,-80.47867,320
24306,35.65494,-80.479,321
24306,35.65483,-80.47943,322
24306,35.65458,-80.48062,323
24306,35.65451,-80.48078,324
24306,35.65425,-80.48172,325
24306,35.65395,-80.48283,326
24306,35.65265,-80.4856,327
24306,35.6524,-80.48616,328
24306,35.65223,-80.48732,329
24306,35.65044,-80.48691,330
24306,35.64984,-80.48719,331
24306,35.64923,-80.48677,332
24306,35.6492,-80.48675,333
24306,35.64881,-80.48644,334
24306,35.64823,-80.48599,335
24306,35.64817,-80.48593,336
24306,35.64811,-80.48587,337
24306,35.64805,-80.48578,338
24306,35.64673,-80.4848,339
24306,35.64643,-80.4846,340
24306,35.64591,-80.48427,341
24306,35.64532,-80.48395,342
24306,35.64522,-80.48395,343
24306,35.64501,-80.48387,344
24306,35.64473,-80.48383,345
24306,35.64463,-80.48383,346
24306,35.64455,-80.48386,347
24306,35.6441,-80.48393,348
24306,35.64388,-80.48397,349
24306,35.64376,-80.48397,350
24306,35.64355,-80.48395,351
24306,35.6435,-80.48395,352
24306,35.64343,-80.48396,353
24306,35.64334,-80.48398,354
24306,35.64327,-80.48399,355
24306,35.64318,-80.484,356
24306,35.64308,-80.484,357
24306,35.643,-80.48399,358
24306,35.64291,-80.48396,359
24306,35.64284,-80.48393,360
24306,35.64276,-80.48388,361
24306,35.64272,-80.48386,362
24306,35.64268,-80.48383,363
24306,35.64262,-80.48376,364
24306,35.64252,-80.48364,365
24306,35.64243,-80.4835,366
24306,35.64234,-80.48334,367
24306,35.64222,-80.48316,368
24306,35.64214,-80.48307,369
24306,35.64206,-80.483,370
24306,35.64205,-80.48299,371
24306,35.64196,-80.48292,372
24306,35.64189,-80.48288,373
24306,35.64184,-80.48285,374
24306,35.64178,-80.48283,375
24306,35.64171,-80.48281,376
24306,35.64166,-80.4828,377
24306,35.64161,-80.48279,378
24306,35.64155,-80.48279,379
24306,35.64146,-80.48279,380
24306,35.64134,-80.48281,381
24306,35.64124,-80.48285,382
24306,35.64111,-80.48291,383
24306,35.64099,-80.48299,384
24306,35.64096,-80.48302,385
24306,35.6408,-80.4832,386
24306,35.64043,-80.48364,387
24306,35.64035,-80.48374,388
24306,35.64012,-80.48401,389
24306,35.64,-80.48415,390
24306,35.63994,-80.48422,391
24306,35.6399,-80.48427,392
24306,35.63971,-80.48449,393
24306,35.63961,-80.48462,394
24306,35.63954,-80.48471,395
24306,35.6395,-80.4848,396
24306,35.6392,-80.48524,397
24306,35.63894,-80.48563,398
24306,35.63884,-80.48577,399
24306,35.63858,-80.48613,400
24306,35.63845,-80.48629,401
24306,35.63844,-80.48629,402
24306,35.63816,-80.48661,403
24306,35.6378,-80.48694,404
24306,35.63773,-80.48699,405
24306,35.63766,-80.48706,406
24306,35.63765,-80.48707,407
24306,35.63757,-80.48715,408
24306,35.63749,-80.48725,409
24306,35.63733,-80.48741,410
24306,35.63723,-80.48754,411
24306,35.63717,-80.48761,412
24306,35.63703,-80.48779,413
24306,35.63691,-80.48797,414
24306,35.63685,-80.48807,415
24306,35.63676,-80.48822,416
24306,35.63674,-80.48826,417
24306,35.63669,-80.48835,418
24306,35.63661,-80.48851,419
24306,35.63658,-80.48858,420
24306,35.63655,-80.48866,421
24306,35.63652,-80.48872,422
24306,35.63648,-80.48882,423
24306,35.63644,-80.48891,424
24306,35.63641,-80.48899,425
24306,35.63636,-80.48912,426
24306,35.63631,-80.48927,427
24306,35.63624,-80.48953,428
24306,35.6362,-80.48969,429
24306,35.63616,-80.48983,430
24306,35.63614,-80.48994,431
24306,35.63612,-80.49005,432
24306,35.63609,-80.4902,433
24306,35.63608,-80.49022,434
24306,35.63606,-80.49032,435
24306,35.63604,-80.49041,436
24306,35.63601,-80.49052,437
24306,35.63596,-80.49068,438
24306,35.63586,-80.49095,439
24306,35.63631,-80.49129,440
24306,35.63639,-80.49135,441
24306,35.63684,-80.4917,442
24306,35.63789,-80.49255,443
24306,35.63825,-80.49286,444
24306,35.63873,-80.49322,445
24306,35.63887,-80.49332,446
24306,35.63899,-80.4934,447
24306,35.63903,-80.49342,448
24306,35.63913,-80.4932,449
24306,35.63936,-80.4928,450
24306,35.63969,-80.49227,451
24306,35.63987,-80.49198,452
24306,35.63993,-80.49188,453
24306,35.64014,-80.49153,454
24306,35.64035,-80.49119,455
24306,35.64052,-80.49099,456
24306,35.64077,-80.49074,457
24306,35.64094,-80.49063,458
24306,35.6411,-80.49053,459
24306,35.64126,-80.49047,460
24306,35.64133,-80.49045,461
24306,35.64142,-80.49042,462
24306,35.64161,-80.49039,463
24306,35.64177,-80.49038,464
24306,35.64207,-80.49043,465
24306,35.64233,-80.49047,466
24306,35.64271,-80.49056,467
24306,35.64295,-80.49064,468
24306,35.64314,-80.49073,469
24306,35.6433,-80.49086,470
24306,35.64347,-80.49104,471
24306,35.64358,-80.4912,472
24306,35.64374,-80.4915,473
24306,35.64383,-80.49174,474
24306,35.6439,-80.492,475
24306,35.64394,-80.49224,476
24306,35.64394,-80.49225,477
24306,35.64395,-80.49253,478
24306,35.644,-80.49395,479
24306,35.64443,-80.49402,480
24306,35.64612,-80.49434,481
24306,35.64635,-80.49438,482
52818,35.66647,-80.46761,0
52818,35.66688,-80.46709,1
52818,35.66648,-80.46664,2
52818,35.66645,-80.46659,3
52818,35.66559,-80.46559,4
52818,35.66558,-80.46557,5
52818,35.6651,-80.46618,6
52818,35.66467,-80.46673,7
52818,35.6638,-80.46784,8
52818,35.66304,-80.46886,9
52818,35.66296,-80.46898,10
52818,35.66213,-80.47008,11
52818,35.66187,-80.4704,12
52818,35.66172,-80.47056,13
52818,35.66159,-80.47068,14
52818,35.66154,-80.47072,15
52818,35.66142,-80.47082,16
52818,35.66115,-80.47101,17
52818,35.66095,-80.47109,18
52818,35.66088,-80.47112,19
52818,35.6607,-80.47118,20
52818,35.66061,-80.47121,21
52818,35.66053,-80.47122,22
52818,35.66048,-80.47123,23
52818,35.66042,-80.47124,24
52818,35.66035,-80.47125,25
52818,35.66029,-80.47125,26
52818,35.66014,-80.47125,27
52818,35.66008,-80.47125,28
52818,35.65999,-80.47124,29
52818,35.65989,-80.47123,30
52818,35.65953,-80.47121,31
52818,35.65861,-80.47114,32
52818,35.65848,-80.47113,33
52818,35.65744,-80.47105,34
52818,35.65655,-80.47098,35
52818,35.656,-80.47095,36
52818,35.6559,-80.47095,37
52818,35.65554,-80.47095,38
52818,35.65515,-80.47099,39
52818,35.65503,-80.471,40
52818,35.65452,-80.47109,41
52818,35.6543,-80.47114,42
52818,35.65412,-80.47118,43
52818,35.65385,-80.47126,44
52818,35.65372,-80.47131,45
52818,35.65297,-80.47157,46
52818,35.65245,-80.47175,47
52818,35.65088,-80.47231,48
52818,35.65038,-80.47248,49
52818,35.65035,-80.47249,50
52818,35.64905,-80.47293,51
52818,35.64837,-80.47312,52
52818,35.64827,-80.47315,53
52818,35.64806,-80.47321,54
52818,35.64776,-80.47329,55
52818,35.64742,-80.47229,56
52818,35.64706,-80.47133,57
52818,35.64545,-80.47007,58
52818,35.6451,-80.4698,59
52818,35.64307,-80.46822,60
52818,35.64216,-80.46752,61
52818,35.64229,-80.46849,62
52818,35.64239,-80.4693,63
52818,35.64241,-80.46953,64
52818,35.64241,-80.4697,65
52818,35.64241,-80.46993,66
52818,35.6424,-80.47012,67
52818,35.64238,-80.47033,68
52818,35.64235,-80.4705,69
52818,35.64229,-80.47073,70
52818,35.64226,-80.47085,71
52818,35.6422,-80.47102,72
52818,35.64212,-80.47124,73
52818,35.64202,-80.47149,74
52818,35.6418,-80.47199,75
52818,35.64171,-80.47222,76
52818,35.64165,-80.47241,77
52818,35.64158,-80.47264,78
52818,35.64152,-80.47289,79
52818,35.6415,-80.47302,80
52818,35.6415,-80.47306,81
52818,35.64148,-80.47321,82
52818,35.64146,-80.47347,83
52818,35.64144,-80.4738,84
52818,35.64105,-80.47378,85
52818,35.64099,-80.47378,86
52818,35.64066,-80.47378,87
52818,35.64061,-80.47379,88
52818,35.6404,-80.47382,89
52818,35.64025,-80.47383,90
52818,35.64,-80.47389,91
52818,35.6397,-80.474,92
52818,35.63896,-80.4743,93
52818,35.63839,-80.47455,94
52818,35.63835,-80.47457,95
52818,35.63818,-80.47463,96
52818,35.63799,-80.4747,97
52818,35.63772,-80.47476,98
52818,35.63754,-80.47478,99
52818,35.63712,-80.47482,100
52818,35.63705,-80.47485,101
52818,35.63703,-80.47485,102
52818,35.63639,-80.47493,103
52818,35.6361,-80.47496,104
52818,35.6361,-80.47542,105
52818,35.6361,-80.47548,106
52818,35.63608,-80.47575,107
52818,35.6361,-80.47797,108
52818,35.6361,-80.47822,109
52818,35.63611,-80.47894,110
52818,35.63612,-80.479,111
52818,35.63613,-80.47904,112
52818,35.63613,-80.47906,113
52818,35.63615,-80.47907,114
52818,35.63617,-80.47909,115
52818,35.63625,-80.4791,116
52818,35.63658,-80.47911,117
52818,35.63695,-80.47912,118
52818,35.63704,-80.47911,119
52818,35.63713,-80.4791,120
52818,35.63736,-80.47908,121
52818,35.63741,-80.47908,122
52818,35.63754,-80.47907,123
52818,35.63764,-80.47906,124
52818,35.63771,-80.47906,125
52818,35.63783,-80.47908,126
52818,35.63799,-80.47912,127
52818,35.63812,-80.47918,128
52818,35.63815,-80.4792,129
52818,35.63822,-80.47925,130
52818,35.63845,-80.47941,131
52818,35.63852,-80.47947,132
52818,35.6386,-80.47952,133
52818,35.63869,-80.47956,134
52818,35.63879,-80.47958,135
52818,35.63889,-80.47958,136
52818,35.63898,-80.47958,137
52818,35.63905,-80.47958,138
52818,35.63907,-80.47958,139
52818,35.63909,-80.47959,140
52818,35.63911,-80.4796,141
52818,35.63915,-80.47962,142
52818,35.63917,-80.47965,143
52818,35.63921,-80.47971,144
52818,35.63924,-80.47977,145
52818,35.63933,-80.47993,146
52818,35.63987,-80.48041,147
52818,35.64012,-80.4805,148
52818,35.64028,-80.48061,149
52818,35.64092,-80.48084,150
52818,35.64096,-80.48065,151
52818,35.64092,-80.47884,152
52818,35.64097,-80.47855,153
52818,35.64148,-80.47817,154
52818,35.64169,-80.47815,155
52818,35.64174,-80.47843,156
52818,35.64175,-80.47846,157
52818,35.64179,-80.47866,158
52818,35.64186,-80.47897,159
52818,35.64184,-80.47891,160
52818,35.64195,-80.47929,161
52818,35.64229,-80.48017,162
52818,35.64241,-80.4805,163
52818,35.64264,-80.48107,164
52818,35.64291,-80.4817,165
52818,35.64304,-80.48205,166
52818,35.64344,-80.48306,167
52818,35.6435,-80.4832,168
52818,35.64354,-80.48322,169
52818,35.64356,-80.48323,170
52818,35.64357,-80.48325,171
52818,35.64358,-80.48326,172
52818,35.64359,-80.48328,173
52818,35.64368,-80.48349,174
52818,35.64383,-80.48385,175
52818,35.64388,-80.48397,176
52818,35.64433,-80.48511,177
52818,35.6446,-80.48581,178
52818,35.6449,-80.48652,179
52818,35.6449,-80.48653,180
52818,35.64487,-80.48662,181
52818,35.64606,-80.48955,182
52818,35.64663,-80.49098,183
52818,35.64741,-80.49292,184
52818,35.64763,-80.49347,185
52818,35.64793,-80.49418,186
52818,35.64806,-80.49437,187
52818,35.6485,-80.4942,188
52818,35.6493,-80.49379,189
52818,35.64968,-80.49354,190
52818,35.65012,-80.49304,191
52818,35.65052,-80.49245,192
52818,35.65082,-80.49199,193
52818,35.65098,-80.49175,194
52818,35.65111,-80.49154,195
52818,35.65118,-80.4914,196
52818,35.65132,-80.49112,197
52818,35.65144,-80.49086,198
52818,35.6515,-80.49072,199
52818,35.65156,-80.49057,200
52818,35.6516,-80.49045,201
52818,35.65164,-80.49032,202
52818,35.65169,-80.49018,203
52818,35.65174,-80.49002,204
52818,35.65184,-80.48964,205
52818,35.65193,-80.48921,206
52818,35.65198,-80.48891,207
52818,35.65202,-80.48869,208
52818,35.65185,-80.48859,209
52818,35.65106,-80.48807,210
52818,35.65071,-80.48782,211
52818,35.65038,-80.48757,212
52818,35.64984,-80.48719,213
52818,35.64923,-80.48677,214
52818,35.6492,-80.48675,215
52818,35.64881,-80.48644,216
52818,35.64823,-80.48599,217
52818,35.64817,-80.48593,218
52818,35.64811,-80.48587,219
52818,35.64805,-80.48578,220
52818,35.64673,-80.4848,221
52818,35.64643,-80.4846,222
52818,35.64591,-80.48427,223
52818,35.64532,-80.48395,224
52818,35.64522,-80.48395,225
52818,35.64501,-80.48387,226
52818,35.64473,-80.48383,227
52818,35.64463,-80.48383,228
52818,35.64455,-80.48386,229
52818,35.6441,-80.48393,230
52818,35.64388,-80.48397,231
52818,35.64376,-80.48397,232
52818,35.64355,-80.48395,233
52818,35.6435,-80.48395,234
52818,35.64343,-80.48396,235
52818,35.64334,-80.48398,236
52818,35.64327,-80.48399,237
52818,35.64318,-80.484,238
52818,35.64308,-80.484,239
52818,35.643,-80.48399,240
52818,35.64291,-80.48396,241
52818,35.64284,-80.48393,242
52818,35.64276,-80.48388,243
52818,35.64272,-80.48386,244
52818,35.64268,-80.48383,245
52818,35.64262,-80.48376,246
52818,35.64252,-80.48364,247
52818,35.64243,-80.4835,248
52818,35.64241,-80.48347,249
52818,35.64234,-80.48334,250
52818,35.64222,-80.48316,251
52818,35.64214,-80.48307,252
52818,35.64205,-80.48299,253
52818,35.64196,-80.48292,254
52818,35.64189,-80.48288,255
52818,35.64184,-80.48285,256
52818,35.64178,-80.48283,257
52818,35.64171,-80.48281,258
52818,35.64166,-80.4828,259
52818,35.64161,-80.48279,260
52818,35.64155,-80.48279,261
52818,35.64146,-80.48279,262
52818,35.64134,-80.48281,263
52818,35.64128,-80.48284,264
52818,35.64124,-80.48285,265
52818,35.64111,-80.48291,266
52818,35.64099,-80.48299,267
52818,35.64096,-80.48302,268
52818,35.6408,-80.4832,269
52818,35.64043,-80.48364,270
52818,35.64035,-80.48374,271
52818,35.64012,-80.48401,272
52818,35.64,-80.48415,273
52818,35.6399,-80.48427,274
52818,35.63971,-80.48449,275
52818,35.63961,-80.48462,276
52818,35.63954,-80.48471,277
52818,35.6395,-80.4848,278
52818,35.6392,-80.48524,279
52818,35.63894,-80.48563,280
52818,35.63884,-80.48577,281
52818,35.63862,-80.48608,282
52818,35.63858,-80.48613,283
52818,35.63845,-80.48629,284
52818,35.63844,-80.48629,285
52818,35.63816,-80.48661,286
52818,35.6378,-80.48694,287
52818,35.63773,-80.48699,288
52818,35.63765,-80.48707,289
52818,35.63757,-80.48715,290
52818,35.63749,-80.48725,291
52818,35.63733,-80.48741,292
52818,35.63726,-80.4875,293
52818,35.63723,-80.48754,294
52818,35.63717,-80.48761,295
52818,35.63703,-80.48779,296
52818,35.63691,-80.48797,297
52818,35.63685,-80.48807,298
52818,35.63676,-80.48822,299
52818,35.63669,-80.48835,300
52818,35.63661,-80.48851,301
52818,35.63658,-80.48858,302
52818,35.63655,-80.48866,303
52818,35.63652,-80.48872,304
52818,35.63648,-80.48882,305
52818,35.63644,-80.48891,306
52818,35.63641,-80.48899,307
52818,35.63636,-80.48912,308
52818,35.63631,-80.48927,309
52818,35.63624,-80.48953,310
52818,35.6362,-80.48969,311
52818,35.63616,-80.48983,312
52818,35.63614,-80.48994,313
52818,35.63612,-80.49005,314
52818,35.6361,-80.49012,315
52818,35.63609,-80.4902,316
52818,35.63608,-80.49022,317
52818,35.63606,-80.49032,318
52818,35.63604,-80.49041,319
52818,35.63601,-80.49052,320
52818,35.63596,-80.49068,321
52818,35.63586,-80.49095,322
52818,35.63639,-80.49135,323
52818,35.63684,-80.4917,324
52818,35.63752,-80.49225,325
52818,35.63789,-80.49255,326
52818,35.63825,-80.49286,327
52818,35.63873,-80.49322,328
52818,35.63887,-80.49332,329
52818,35.63903,-80.49342,330
52818,35.63913,-80.4932,331
52818,35.63936,-80.4928,332
52818,35.63969,-80.49227,333
52818,35.63987,-80.49198,334
52818,35.63993,-80.49188,335
52818,35.64014,-80.49153,336
52818,35.64035,-80.49119,337
52818,35.64052,-80.49099,338
52818,35.64077,-80.49074,339
52818,35.64094,-80.49063,340
52818,35.6411,-80.49053,341
52818,35.64126,-80.49047,342
52818,35.64133,-80.49045,343
52818,35.64142,-80.49042,344
52818,35.64161,-80.49039,345
52818,35.64177,-80.49038,346
52818,35.64207,-80.49043,347
52818,35.64233,-80.49047,348
52818,35.64271,-80.49056,349
52818,35.64295,-80.49064,350
52818,35.64314,-80.49073,351
52818,35.6433,-80.49086,352
52818,35.64347,-80.49104,353
52818,35.64358,-80.4912,354
52818,35.64374,-80.4915,355
52818,35.64383,-80.49174,356
52818,35.6439,-80.492,357
52818,35.64394,-80.49224,358
52818,35.64394,-80.49225,359
52818,35.64395,-80.49253,360
52818,35.644,-80.49395,361
52818,35.64443,-80.49402,362
52818,35.64612,-80.49434,363
52818,35.64635,-80.49438,364
52818,35.64672,-80.49444,365
52818,35.64711,-80.49451,366
52818,35.64719,-80.49452,367
52818,35.64727,-80.49452,368
52818,35.64734,-80.49452,369
52818,35.64747,-80.49452,370
52818,35.64771,-80.49448,371
52818,35.64795,-80.49441,372
52818,35.64806,-80.49437,373
52818,35.6485,-80.4942,374
52818,35.6493,-80.49379,375
52818,35.64968,-80.49354,376
52818,35.65012,-80.49304,377
52818,35.65052,-80.49245,378
52818,35.65082,-80.49199,379
52818,35.65098,-80.49175,380
52818,35.65111,-80.49154,381
52818,35.65118,-80.4914,382
52818,35.65132,-80.49112,383
52818,35.65144,-80.49086,384
52818,35.6515,-80.49072,385
52818,35.65156,-80.49057,386
52818,35.6516,-80.49045,387
52818,35.65164,-80.49032,388
52818,35.65169,-80.49018,389
52818,35.65174,-80.49002,390
52818,35.65184,-80.48964,391
52818,35.65193,-80.48921,392
52818,35.65198,-80.48891,393
52818,35.65202,-80.48869,394
52818,35.65216,-80.48771,395
52818,35.65223,-80.48732,396
52818,35.6524,-80.48616,397
52818,35.65265,-80.4856,398
52818,35.65324,-80.48435,399
52818,35.65395,-80.48283,400
52818,35.65425,-80.48172,401
52818,35.65451,-80.48078,402
52818,35.65458,-80.48062,403
52818,35.65471,-80.47999,404
52818,35.65483,-80.47943,405
52818,35.65494,-80.479,406
52818,35.65511,-80.47867,407
52818,35.6555,-80.47825,408
52818,35.65564,-80.47809,409
52818,35.65577,-80.47787,410
52818,35.65582,-80.47773,411
52818,35.65586,-80.4776,412
52818,35.65616,-80.47658,413
52818,35.65657,-80.47521,414
52818,35.65676,-80.47453,415
52818,35.65697,-80.47374,416
52818,35.65723,-80.47225,417
52818,35.65744,-80.47105,418
52818,35.65848,-80.47113,419
52818,35.65953,-80.47121,420
52818,35.65989,-80.47123,421
52818,35.65999,-80.47124,422
52818,35.66008,-80.47125,423
52818,35.66014,-80.47125,424
52818,35.66029,-80.47125,425
52818,35.66035,-80.47125,426
52818,35.66042,-80.47124,427
52818,35.66048,-80.47123,428
52818,35.66053,-80.47122,429
52818,35.66061,-80.47121,430
52818,35.6607,-80.47118,431
52818,35.66088,-80.47112,432
52818,35.66095,-80.47109,433
52818,35.66115,-80.47101,434
52818,35.66142,-80.47082,435
52818,35.66154,-80.47072,436
52818,35.66159,-80.47068,437
52818,35.66172,-80.47056,438
52818,35.66187,-80.4704,439
52818,35.66213,-80.47008,440
52818,35.66219,-80.46999,441
52818,35.66296,-80.46898,442
52818,35.6638,-80.46784,443
52818,35.66467,-80.46673,444
52818,35.66504,-80.46716,445
52818,35.66543,-80.46761,446
52818,35.66557,-80.46778,447
52818,35.66571,-80.46795,448
52818,35.66596,-80.46823,449
52818,35.66599,-80.4682,450
52818,35.66646,-80.46761,451
25558,35.66573,-80.46577,0
25558,35.66558,-80.46557,1
25558,35.6651,-80.46618,2
25558,35.66467,-80.46673,3
25558,35.66417,-80.46736,4
25558,35.6638,-80.46784,5
25558,35.66304,-80.46886,6
25558,35.66296,-80.46898,7
25558,35.66219,-80.46999,8
25558,35.66213,-80.47008,9
25558,35.66187,-80.4704,10
25558,35.66172,-80.47056,11
25558,35.66159,-80.47068,12
25558,35.66154,-80.47072,13
25558,35.66142,-80.47082,14
25558,35.66115,-80.47101,15
25558,35.66095,-80.47109,16
25558,35.66088,-80.47112,17
25558,35.6607,-80.47118,18
25558,35.66061,-80.47121,19
25558,35.66053,-80.47122,20
25558,35.66048,-80.47123,21
25558,35.66042,-80.47124,22
25558,35.66035,-80.47125,23
25558,35.66029,-80.47125,24
25558,35.66014,-80.47125,25
25558,35.66008,-80.47125,26
25558,35.65999,-80.47124,27
25558,35.65989,-80.47123,28
25558,35.65953,-80.47121,29
25558,35.65848,-80.47113,30
25558,35.65817,-80.47299,31
25558,35.65803,-80.47384,32
25558,35.65801,-80.47398,33
25558,35.65717,-80.47379,34
25558,35.65697,-80.47374,35
25558,35.65744,-80.47105,36
25558,35.65655,-80.47098,37
25558,35.656,-80.47095,38
25558,35.6559,-80.47095,39
25558,35.65554,-80.47095,40
25558,35.65515,-80.47099,41
25558,35.65503,-80.471,42
25558,35.65504,-80.47072,43
25558,35.65505,-80.47059,44
25558,35.65507,-80.47047,45
25558,35.65513,-80.47029,46
25558,35.65519,-80.47018,47
25558,35.65525,-80.47007,48
25558,35.65535,-80.46989,49
25558,35.65554,-80.46958,50
25558,35.65561,-80.46946,51
25558,35.65565,-80.46938,52
25558,35.65568,-80.46931,53
25558,35.65572,-80.46921,54
25558,35.65576,-80.46911,55
25558,35.65577,-80.46904,56
25558,35.6558,-80.46895,57
25558,35.65584,-80.46872,58
25558,35.65587,-80.46857,59
25558,35.65598,-80.46803,60
25558,35.6561,-80.46742,61
25558,35.65621,-80.46686,62
25558,35.65622,-80.46682,63
25558,35.65628,-80.46652,64
25558,35.65631,-80.46637,65
25558,35.65634,-80.46623,66
25558,35.65637,-80.46615,67
25558,35.65639,-80.46608,68
25558,35.65643,-80.46597,69
25558,35.65647,-80.46587,70
25558,35.6565,-80.46581,71
25558,35.65653,-80.46576,72
25558,35.65658,-80.46566,73
25558,35.65662,-80.46561,74
25558,35.65664,-80.46557,75
25558,35.65674,-80.46543,76
25558,35.65685,-80.46531,77
25558,35.65722,-80.46486,78
25558,35.65764,-80.46436,79
25558,35.65769,-80.4643,80
25558,35.65774,-80.46425,81
25558,35.65785,-80.46415,82
25558,35.65815,-80.46387,83
25558,35.65853,-80.46352,84
25558,35.65861,-80.46344,85
25558,35.65869,-80.46335,86
25558,35.65873,-80.46332,87
25558,35.65885,-80.46316,88
25558,35.65902,-80.46295,89
25558,35.65924,-80.46265,90
25558,35.6594,-80.46244,91
25558,35.65958,-80.46222,92
25558,35.65989,-80.46183,93
25558,35.65988,-80.46181,94
25558,35.65968,-80.46165,95
25558,35.65884,-80.46084,96
25558,35.65879,-80.46079,97
25558,35.65851,-80.46051,98
25558,35.65832,-80.46032,99
25558,35.65777,-80.45981,100
25558,35.65755,-80.45961,101
25558,35.65744,-80.45951,102
25558,35.6572,-80.45932,103
25558,35.65682,-80.45899,104
25558,35.65657,-80.45879,105
25558,35.65649,-80.45873,106
25558,35.65609,-80.4584,107
25558,35.65587,-80.45823,108
25558,35.65549,-80.45793,109
25558,35.65533,-80.45781,110
25558,35.65514,-80.45767,111
25558,35.65464,-80.45731,112
25558,35.65459,-80.45744,113
25558,35.65456,-80.45751,114
25558,35.65451,-80.45761,115
25558,35.65448,-80.45768,116
25558,35.65444,-80.45774,117
25558,35.6544,-80.4578,118
25558,35.65438,-80.45783,119
25558,35.65436,-80.45785,120
25558,35.65423,-80.45798,121
25558,35.6542,-80.45802,122
25558,35.65417,-80.45805,123
25558,35.65412,-80.45808,124
25558,35.65408,-80.45811,125
25558,35.65405,-80.45813,126
25558,35.65401,-80.45815,127
25558,35.65399,-80.45816,128
25558,35.65397,-80.45817,129
25558,35.65394,-80.45818,130
25558,35.65391,-80.45819,131
25558,35.65386,-80.4582,132
25558,35.65382,-80.45821,133
25558,35.65361,-80.45821,134
25558,35.65339,-80.4582,135
25558,35.65303,-80.45817,136
25558,35.65219,-80.45806,137
25558,35.65216,-80.45845,138
25558,35.65212,-80.45888,139
25558,35.6521,-80.459,140
25558,35.65209,-80.45907,141
25558,35.65208,-80.45913,142
25558,35.65197,-80.45963,143
25558,35.65195,-80.45973,144
25558,35.65179,-80.46048,145
25558,35.65173,-80.46081,146
25558,35.65172,-80.46091,147
25558,35.65171,-80.46102,148
25558,35.65171,-80.46115,149
25558,35.65171,-80.46102,150
25558,35.65172,-80.46091,151
25558,35.65173,-80.46081,152
25558,35.65179,-80.46048,153
25558,35.65195,-80.45973,154
25558,35.65197,-80.45963,155
25558,35.65208,-80.45913,156
25558,35.65209,-80.45907,157
25558,35.6521,-80.459,158
25558,35.65212,-80.45888,159
25558,35.65216,-80.45845,160
25558,35.65219,-80.45806,161
25558,35.65191,-80.45803,162
25558,35.65177,-80.45802,163
25558,35.6517,-80.45802,164
25558,35.65144,-80.45803,165
25558,35.65139,-80.45803,166
25558,35.65101,-80.45807,167
25558,35.65075,-80.45811,168
25558,35.65003,-80.4582,169
25558,35.65011,-80.45781,170
25558,35.65018,-80.45749,171
25558,35.65031,-80.45688,172
25558,35.65036,-80.45666,173
25558,35.65044,-80.45632,174
25558,35.65046,-80.4562,175
25558,35.65204,-80.45626,176
25558,35.6523,-80.45627,177
25558,35.65235,-80.45628,178
25558,35.65238,-80.45628,179
25558,35.65245,-80.45629,180
25558,35.65258,-80.45631,181
25558,35.65269,-80.45633,182
25558,35.65281,-80.45635,183
25558,35.65295,-80.45638,184
25558,35.65318,-80.45645,185
25558,35.65328,-80.45648,186
25558,35.65353,-80.4566,187
25558,35.65362,-80.45663,188
25558,35.65383,-80.45672,189
25558,35.65394,-80.45678,190
25558,35.65407,-80.45685,191
25558,35.65417,-80.45689,192
25558,35.65422,-80.45692,193
25558,35.6547,-80.45718,194
25558,35.65544,-80.4577,195
25558,35.65587,-80.45801,196
25558,35.65642,-80.4585,197
25558,35.65654,-80.4586,198
25558,35.65688,-80.45889,199
25558,35.65728,-80.45922,200
25558,35.6575,-80.45938,201
25558,35.65763,-80.45949,202
25558,35.65786,-80.45967,203
25558,35.65827,-80.46006,204
25558,35.65863,-80.46036,205
25558,35.65906,-80.4608,206
25558,35.65937,-80.46113,207
25558,35.65997,-80.46174,208
25558,35.66002,-80.46181,209
25558,35.66006,-80.46186,210
25558,35.66008,-80.46191,211
25558,35.66093,-80.46274,212
25558,35.66192,-80.46369,213
25558,35.66147,-80.46425,214
25558,35.66141,-80.46432,215
25558,35.66111,-80.46471,216
25558,35.66027,-80.46579,217
25558,35.65949,-80.46681,218
25558,35.65942,-80.4669,219
25558,35.65925,-80.46711,220
25558,35.65885,-80.46765,221
25558,35.65873,-80.46784,222
25558,35.65864,-80.46799,223
25558,35.65842,-80.46836,224
25558,35.65809,-80.46907,225
25558,35.6577,-80.47018,226
25558,35.65759,-80.47056,227
25558,35.65744,-80.47105,228
25558,35.65848,-80.47113,229
25558,35.6586,-80.47114,230
25558,35.65953,-80.47121,231
25558,35.65989,-80.47123,232
25558,35.65999,-80.47124,233
25558,35.66008,-80.47125,234
25558,35.66014,-80.47125,235
25558,35.66029,-80.47125,236
25558,35.66035,-80.47125,237
25558,35.66042,-80.47124,238
25558,35.66048,-80.47123,239
25558,35.66053,-80.47122,240
25558,35.66061,-80.47121,241
25558,35.6607,-80.47118,242
25558,35.66088,-80.47112,243
25558,35.66095,-80.47109,244
25558,35.66115,-80.47101,245
25558,35.66142,-80.47082,246
25558,35.66154,-80.47072,247
25558,35.66159,-80.47068,248
25558,35.66172,-80.47056,249
25558,35.66187,-80.4704,250
25558,35.66213,-80.47008,251
25558,35.66296,-80.46898,252
25558,35.6638,-80.46784,253
25558,35.66467,-80.46673,254
25558,35.66504,-80.46716,255
25558,35.66543,-80.46761,256
25558,35.66557,-80.46778,257
25558,35.66571,-80.46795,258
25558,35.66596,-80.46823,259
25558,35.66646,-80.46761,260
25559,35.66647,-80.46761,0
25559,35.66688,-80.46709,1
25559,35.6673,-80.46758,2
25559,35.66734,-80.46763,3
25559,35.66829,-80.46873,4
25559,35.66742,-80.46987,5
25559,35.66739,-80.46989,6
25559,35.66833,-80.471,7
25559,35.6692,-80.47201,8
25559,35.67011,-80.47308,9
25559,35.671,-80.47409,10
25559,35.67067,-80.47452,11
25559,35.67061,-80.47459,12
25559,35.67048,-80.47475,13
25559,35.67009,-80.47525,14
25559,35.66939,-80.47618,15
25559,35.66925,-80.47636,16
25559,35.66842,-80.47748,17
25559,35.66838,-80.47743,18
25559,35.66842,-80.47748,19
25559,35.66915,-80.47833,20
25559,35.66923,-80.47843,21
25559,35.67005,-80.47942,22
25559,35.6701,-80.47948,23
25559,35.67091,-80.48049,24
25559,35.67094,-80.48052,25
25559,35.67177,-80.48153,26
25559,35.67182,-80.48159,27
25559,35.67268,-80.48263,28
25559,35.67351,-80.48364,29
25559,35.67355,-80.4837,30
25559,35.67432,-80.48459,31
25559,35.67444,-80.48474,32
25559,35.67501,-80.48545,33
25559,35.67514,-80.4856,34
25559,35.67706,-80.48787,35
25559,35.67626,-80.48887,36
25559,35.67618,-80.48898,37
25559,35.67555,-80.48975,38
25559,35.67578,-80.49008,39
25559,35.67592,-80.49027,40
25559,35.67625,-80.49074,41
25559,35.67658,-80.49118,42
25559,35.6771,-80.49187,43
25559,35.67717,-80.49196,44
25559,35.67721,-80.49201,45
25559,35.67784,-80.49288,46
25559,35.67814,-80.49354,47
25559,35.67839,-80.4945,48
25559,35.67888,-80.49644,49
25559,35.67894,-80.49668,50
25559,35.67917,-80.49759,51
25559,35.67942,-80.4983,52
25559,35.67957,-80.49857,53
25559,35.68007,-80.49924,54
25559,35.67992,-80.49967,55
25559,35.67885,-80.50292,56
25559,35.67851,-80.50397,57
25559,35.67839,-80.50433,58
25559,35.6782,-80.50492,59
25559,35.67856,-80.5051,60
25559,35.67899,-80.50531,61
25559,35.67922,-80.50543,62
25559,35.67946,-80.50556,63
25559,35.67976,-80.50572,64
25559,35.67998,-80.50584,65
25559,35.68011,-80.50591,66
25559,35.6802,-80.50596,67
25559,35.68038,-80.50606,68
25559,35.68063,-80.50621,69
25559,35.68088,-80.50635,70
25559,35.68113,-80.5065,71
25559,35.68134,-80.50663,72
25559,35.68154,-80.50675,73
25559,35.68173,-80.50687,74
25559,35.682,-80.50704,75
25559,35.68224,-80.50719,76
25559,35.68252,-80.50737,77
25559,35.68283,-80.50755,78
25559,35.68296,-80.50762,79
25559,35.68305,-80.50767,80
25559,35.68311,-80.5077,81
25559,35.68316,-80.50772,82
25559,35.68324,-80.50776,83
25559,35.68334,-80.50779,84
25559,35.6834,-80.50782,85
25559,35.68351,-80.50786,86
25559,35.6836,-80.50788,87
25559,35.68361,-80.50789,88
25559,35.68394,-80.50798,89
25559,35.68413,-80.50803,90
25559,35.68438,-80.5081,91
25559,35.68466,-80.50818,92
25559,35.68501,-80.50829,93
25559,35.68542,-80.50841,94
25559,35.68555,-80.50845,95
25559,35.68561,-80.50847,96
25559,35.68566,-80.50849,97
25559,35.68569,-80.5085,98
25559,35.68573,-80.50852,99
25559,35.68577,-80.50853,100
25559,35.68581,-80.50855,101
25559,35.68585,-80.50857,102
25559,35.68592,-80.5086,103
25559,35.68598,-80.50863,104
25559,35.68607,-80.50867,105
25559,35.68613,-80.50871,106
25559,35.6862,-80.50874,107
25559,35.68626,-80.50878,108
25559,35.68632,-80.50881,109
25559,35.6864,-80.50887,110
25559,35.68649,-80.50893,111
25559,35.6866,-80.50899,112
25559,35.68685,-80.50915,113
25559,35.6871,-80.50931,114
25559,35.68748,-80.50954,115
25559,35.68783,-80.50977,116
25559,35.68822,-80.51001,117
25559,35.68858,-80.51024,118
25559,35.68891,-80.51044,119
25559,35.68974,-80.51097,120
25559,35.68993,-80.51109,121
25559,35.69011,-80.51119,122
25559,35.69049,-80.51141,123
25559,35.69056,-80.51145,124
25559,35.69081,-80.51158,125
25559,35.69119,-80.51178,126
25559,35.6914,-80.51188,127
25559,35.69164,-80.512,128
25559,35.69168,-80.51199,129
25559,35.69171,-80.51199,130
25559,35.69175,-80.51199,131
25559,35.69177,-80.51199,132
25559,35.69179,-80.51199,133
25559,35.69189,-80.51203,134
25559,35.6923,-80.5122,135
25559,35.69244,-80.51226,136
25559,35.69245,-80.51226,137
25559,35.69254,-80.5123,138
25559,35.69262,-80.51233,139
25559,35.69265,-80.51234,140
25559,35.69286,-80.51242,141
25559,35.69296,-80.51246,142
25559,35.69306,-80.51249,143
25559,35.6931,-80.5125,144
25559,35.69314,-80.51251,145
25559,35.69319,-80.51252,146
25559,35.69326,-80.51253,147
25559,35.69333,-80.51254,148
25559,35.69339,-80.51255,149
25559,35.69345,-80.51256,150
25559,35.69353,-80.51256,151
25559,35.69359,-80.51257,152
25559,35.69373,-80.51257,153
25559,35.69384,-80.51257,154
25559,35.6939,-80.51283,155
25559,35.69397,-80.51313,156
25559,35.69401,-80.51332,157
25559,35.69406,-80.51351,158
25559,35.69413,-80.51382,159
25559,35.69418,-80.51404,160
25559,35.69423,-80.51428,161
25559,35.69426,-80.51442,162
25559,35.69427,-80.51448,163
25559,35.69428,-80.51454,164
25559,35.69432,-80.51472,165
25559,35.69433,-80.51476,166
25559,35.69439,-80.51509,167
25559,35.69455,-80.51579,168
25559,35.69464,-80.51617,169
25559,35.69468,-80.51635,170
25559,35.69472,-80.51655,171
25559,35.69474,-80.51663,172
25559,35.69499,-80.51769,173
25559,35.69507,-80.51805,174
25559,35.69517,-80.51849,175
25559,35.69539,-80.51943,176
25559,35.69555,-80.52016,177
25559,35.69578,-80.52113,178
25559,35.69582,-80.52132,179
25559,35.69592,-80.52175,180
25559,35.69593,-80.52182,181
25559,35.69602,-80.52221,182
25559,35.69611,-80.52259,183
25559,35.69605,-80.5226,184
25559,35.69599,-80.52261,185
25559,35.69454,-80.52289,186
25559,35.69437,-80.5229,187
25559,35.69418,-80.5229,188
25559,35.69391,-80.52287,189
25559,35.69349,-80.52281,190
25559,35.69297,-80.52269,191
25559,35.69287,-80.52267,192
25559,35.69269,-80.52263,193
25559,35.6924,-80.52256,194
25559,35.69212,-80.52254,195
25559,35.69192,-80.52256,196
25559,35.69184,-80.52258,197
25559,35.69192,-80.52256,198
25559,35.69212,-80.52254,199
25559,35.6924,-80.52256,200
25559,35.69269,-80.52263,201
25559,35.69287,-80.52267,202
25559,35.69297,-80.52269,203
25559,35.69349,-80.52281,204
25559,35.69391,-80.52287,205
25559,35.69418,-80.5229,206
25559,35.69437,-80.5229,207
25559,35.69454,-80.52289,208
25559,35.69599,-80.52261,209
25559,35.69576,-80.5216,210
25559,35.69569,-80.52125,211
25559,35.69565,-80.52102,212
25559,35.69563,-80.52093,213
25559,35.6955,-80.52037,214
25559,35.69546,-80.52018,215
25559,35.69517,-80.51893,216
25559,35.6951,-80.51863,217
25559,35.69502,-80.51825,218
25559,35.69501,-80.51821,219
25559,35.69489,-80.51769,220
25559,35.69483,-80.51749,221
25559,35.69478,-80.51721,222
25559,35.69468,-80.51681,223
25559,35.69465,-80.51666,224
25559,35.69419,-80.51682,225
25559,35.69413,-80.5168,226
25559,35.69375,-80.51669,227
25559,35.69376,-80.51664,228
25559,35.69363,-80.51659,229
25559,35.69362,-80.51658,230
25559,35.69232,-80.51494,231
25559,35.69083,-80.5139,232
25559,35.69075,-80.51382,233
25559,35.69141,-80.51288,234
25559,35.6914,-80.51287,235
25559,35.69127,-80.51281,236
25559,35.69125,-80.51279,237
25559,35.69111,-80.51273,238
25559,35.69094,-80.51264,239
25559,35.69081,-80.51258,240
25559,35.69073,-80.51254,241
25559,35.69043,-80.5124,242
25559,35.69037,-80.51236,243
25559,35.69035,-80.51234,244
25559,35.69033,-80.5123,245
25559,35.69027,-80.51226,246
25559,35.69026,-80.51221,247
25559,35.69025,-80.51215,248
25559,35.69025,-80.51205,249
25559,35.69026,-80.51203,250
25559,35.69026,-80.512,251
25559,35.69029,-80.51194,252
25559,35.69036,-80.51175,253
25559,35.69043,-80.51156,254
25559,35.69048,-80.51142,255
25559,35.69049,-80.51141,256
25559,35.69011,-80.51119,257
25559,35.68993,-80.51109,258
25559,35.68974,-80.51097,259
25559,35.68891,-80.51044,260
25559,35.68858,-80.51024,261
25559,35.68822,-80.51001,262
25559,35.68783,-80.50977,263
25559,35.68748,-80.50954,264
25559,35.6871,-80.50931,265
25559,35.68685,-80.50915,266
25559,35.6866,-80.50899,267
25559,35.68649,-80.50893,268
25559,35.6864,-80.50887,269
25559,35.68632,-80.50881,270
25559,35.68626,-80.50878,271
25559,35.6862,-80.50874,272
25559,35.68613,-80.50871,273
25559,35.68607,-80.50867,274
25559,35.68598,-80.50863,275
25559,35.68592,-80.5086,276
25559,35.68585,-80.50857,277
25559,35.68581,-80.50855,278
25559,35.68577,-80.50853,279
25559,35.68573,-80.50852,280
25559,35.68569,-80.5085,281
25559,35.68566,-80.50849,282
25559,35.68561,-80.50847,283
25559,35.68555,-80.50845,284
25559,35.68542,-80.50841,285
25559,35.68513,-80.50833,286
25559,35.68501,-80.50829,287
25559,35.68466,-80.50818,288
25559,35.68438,-80.5081,289
25559,35.68413,-80.50803,290
25559,35.68394,-80.50798,291
25559,35.68361,-80.50789,292
25559,35.6836,-80.50788,293
25559,35.68351,-80.50786,294
25559,35.6834,-80.50782,295
25559,35.68334,-80.50779,296
25559,35.68324,-80.50776,297
25559,35.68316,-80.50772,298
25559,35.68311,-80.5077,299
25559,35.68305,-80.50767,300
25559,35.68296,-80.50762,301
25559,35.68283,-80.50755,302
25559,35.68252,-80.50737,303
25559,35.68224,-80.50719,304
25559,35.682,-80.50704,305
25559,35.68173,-80.50687,306
25559,35.68154,-80.50675,307
25559,35.68134,-80.50663,308
25559,35.68113,-80.5065,309
25559,35.68088,-80.50635,310
25559,35.68063,-80.50621,311
25559,35.68038,-80.50606,312
25559,35.6802,-80.50596,313
25559,35.68011,-80.50591,314
25559,35.67998,-80.50584,315
25559,35.67976,-80.50572,316
25559,35.67946,-80.50556,317
25559,35.67922,-80.50543,318
25559,35.67899,-80.50531,319
25559,35.67856,-80.5051,320
25559,35.6782,-80.50492,321
25559,35.67796,-80.50481,322
25559,35.67768,-80.50467,323
25559,35.67729,-80.50447,324
25559,35.67694,-80.50429,325
25559,35.6769,-80.50427,326
25559,35.67661,-80.50412,327
25559,35.67634,-80.50395,328
25559,35.67632,-80.50394,329
25559,35.67614,-80.50383,330
25559,35.67608,-80.50378,331
25559,35.67596,-80.5037,332
25559,35.67584,-80.50362,333
25559,35.6757,-80.50352,334
25559,35.67562,-80.50346,335
25559,35.67551,-80.50339,336
25559,35.67543,-80.50333,337
25559,35.67535,-80.50326,338
25559,35.67525,-80.50318,339
25559,35.67513,-80.50308,340
25559,35.67502,-80.50299,341
25559,35.67492,-80.5029,342
25559,35.67427,-80.50231,343
25559,35.67413,-80.50218,344
25559,35.67362,-80.50171,345
25559,35.67307,-80.5012,346
25559,35.67279,-80.50095,347
25559,35.67264,-80.50081,348
25559,35.67258,-80.50076,349
25559,35.67251,-80.5007,350
25559,35.67247,-80.50066,351
25559,35.67242,-80.50062,352
25559,35.67239,-80.5006,353
25559,35.67236,-80.50057,354
25559,35.67232,-80.50054,355
25559,35.67226,-80.5005,356
25559,35.67222,-80.50046,357
25559,35.67215,-80.50041,358
25559,35.67206,-80.50035,359
25559,35.67197,-80.50028,360
25559,35.67188,-80.50022,361
25559,35.6718,-80.50017,362
25559,35.67173,-80.50013,363
25559,35.67168,-80.5001,364
25559,35.67164,-80.50007,365
25559,35.67156,-80.50003,366
25559,35.67146,-80.49998,367
25559,35.67141,-80.49995,368
25559,35.67136,-80.49993,369
25559,35.67132,-80.49991,370
25559,35.67127,-80.49989,371
25559,35.6712,-80.49986,372
25559,35.67111,-80.49982,373
25559,35.67107,-80.4998,374
25559,35.67102,-80.49978,375
25559,35.67097,-80.49976,376
25559,35.67091,-80.49975,377
25559,35.67086,-80.49972,378
25559,35.67079,-80.4997,379
25559,35.67073,-80.49968,380
25559,35.67068,-80.49967,381
25559,35.6706,-80.49965,382
25559,35.67052,-80.49963,383
25559,35.67043,-80.49961,384
25559,35.67042,-80.4996,385
25559,35.67036,-80.49959,386
25559,35.67032,-80.49958,387
25559,35.67027,-80.49957,388
25559,35.67022,-80.49957,389
25559,35.67017,-80.49956,390
25559,35.67012,-80.49955,391
25559,35.67005,-80.49954,392
25559,35.66986,-80.49952,393
25559,35.66967,-80.49951,394
25559,35.6691,-80.49947,395
25559,35.66886,-80.49946,396
25559,35.66868,-80.49944,397
25559,35.66849,-80.49943,398
25559,35.66852,-80.49913,399
25559,35.66853,-80.49903,400
25559,35.66853,-80.49897,401
25559,35.66854,-80.4989,402
25559,35.66855,-80.49882,403
25559,35.66856,-80.49875,404
25559,35.66857,-80.49867,405
25559,35.66859,-80.4986,406
25559,35.66861,-80.49849,407
25559,35.66867,-80.49823,408
25559,35.66871,-80.4981,409
25559,35.66875,-80.49799,410
25559,35.66878,-80.4979,411
25559,35.66882,-80.49779,412
25559,35.66887,-80.49767,413
25559,35.66893,-80.49756,414
25559,35.66896,-80.4975,415
25559,35.66901,-80.49741,416
25559,35.66907,-80.4973,417
25559,35.66914,-80.49721,418
25559,35.6692,-80.49712,419
25559,35.66928,-80.49701,420
25559,35.66937,-80.49692,421
25559,35.66965,-80.49661,422
25559,35.66972,-80.49654,423
25559,35.66987,-80.49639,424
25559,35.66997,-80.49629,425
25559,35.6702,-80.49603,426
25559,35.67053,-80.49574,427
25559,35.67083,-80.49543,428
25559,35.67127,-80.49503,429
25559,35.67173,-80.49471,430
25559,35.67209,-80.49448,431
25559,35.67244,-80.49418,432
25559,35.67358,-80.49332,433
25559,35.67314,-80.4925,434
25559,35.67312,-80.49246,435
25559,35.67302,-80.4922,436
25559,35.67282,-80.49152,437
25559,35.67277,-80.49136,438
25559,35.67241,-80.49015,439
25559,35.67214,-80.48926,440
25559,35.67194,-80.48859,441
25559,35.67177,-80.48809,442
25559,35.67173,-80.48797,443
25559,35.67078,-80.48864,444
25559,35.67074,-80.48867,445
25559,35.67063,-80.48832,446
25559,35.67051,-80.48808,447
25559,35.67019,-80.48754,448
25559,35.66934,-80.4861,449
25559,35.66932,-80.48607,450
25559,35.66917,-80.48572,451
25559,35.66911,-80.48546,452
25559,35.66903,-80.48473,453
25559,35.66902,-80.48464,454
25559,35.66899,-80.48445,455
25559,35.66883,-80.48318,456
25559,35.66875,-80.48257,457
25559,35.66865,-80.48204,458
25559,35.6686,-80.48193,459
25559,35.66841,-80.48168,460
25559,35.66838,-80.48164,461
25559,35.66922,-80.48056,462
25559,35.66862,-80.47983,463
25559,35.66834,-80.47955,464
25559,35.66763,-80.47866,465
25559,35.66752,-80.47854,466
25559,35.66832,-80.4776,467
25559,35.66842,-80.47748,468
25559,35.66923,-80.47639,469
25559,35.66925,-80.47636,470
25559,35.66939,-80.47618,471
25559,35.67009,-80.47525,472
25559,35.67061,-80.47459,473
25559,35.67067,-80.47452,474
25559,35.67086,-80.47427,475
25559,35.671,-80.47409,476
25559,35.67011,-80.47308,477
25559,35.6692,-80.47201,478
25559,35.66833,-80.471,479
25559,35.66739,-80.46989,480
25559,35.66696,-80.46939,481
25559,35.66646,-80.46881,482
25559,35.66616,-80.46847,483
25559,35.66596,-80.46823,484
25559,35.66623,-80.4679,485
25559,35.66646,-80.46761,486
