shape_id,shape_pt_lat,shape_pt_lon,shape_pt_sequence
1.1,35.91684,-82.04115,0
1.1,35.91691,-82.04116,1
1.1,35.91709,-82.04119,2
1.1,35.91727,-82.04121,3
1.1,35.91739,-82.04123,4
1.1,35.91764,-82.04122,5
1.1,35.91781,-82.0412,6
1.1,35.91799,-82.04118,7
1.1,35.91805,-82.04118,8
1.1,35.91825,-82.04117,9
1.1,35.91833,-82.04116,10
1.1,35.91835,-82.04116,11
1.1,35.91839,-82.04115,12
1.1,35.91844,-82.04113,13
1.1,35.91848,-82.04111,14
1.1,35.91851,-82.04108,15
1.1,35.91855,-82.04104,16
1.1,35.91858,-82.04099,17
1.1,35.91861,-82.04094,18
1.1,35.91862,-82.04091,19
1.1,35.91867,-82.04082,20
1.1,35.9187,-82.04071,21
1.1,35.91873,-82.04061,22
1.1,35.91875,-82.0405,23
1.1,35.91877,-82.04043,24
1.1,35.9188,-82.04028,25
1.1,35.91884,-82.04004,26
1.1,35.91918,-82.04028,27
1.1,35.91921,-82.04029,28
1.1,35.9193,-82.04034,29
1.1,35.91943,-82.04039,30
1.1,35.91952,-82.04043,31
1.1,35.91955,-82.04044,32
1.1,35.91966,-82.04052,33
1.1,35.91968,-82.04053,34
1.1,35.9197,-82.04055,35
1.1,35.91975,-82.04059,36
1.1,35.91982,-82.04067,37
1.1,35.91984,-82.04068,38
1.1,35.91984,-82.04069,39
1.1,35.91997,-82.04085,40
1.1,35.92,-82.0409,41
1.1,35.92016,-82.04104,42
1.1,35.92024,-82.04109,43
1.1,35.92026,-82.0411,44
1.1,35.92032,-82.04113,45
1.1,35.92041,-82.04116,46
1.1,35.92043,-82.04116,47
1.1,35.9205,-82.04117,48
1.1,35.92058,-82.04116,49
1.1,35.92061,-82.04115,50
1.1,35.92067,-82.04114,51
1.1,35.92075,-82.04109,52
1.1,35.92084,-82.04102,53
1.1,35.92091,-82.04092,54
1.1,35.92098,-82.0408,55
1.1,35.921,-82.04077,56
1.1,35.92114,-82.04047,57
1.1,35.9213,-82.04018,58
1.1,35.92132,-82.04015,59
1.1,35.92138,-82.04006,60
1.1,35.9214,-82.04003,61
1.1,35.92142,-82.04001,62
1.1,35.92144,-82.03997,63
1.1,35.92149,-82.03992,64
1.1,35.92153,-82.03989,65
1.1,35.92156,-82.03987,66
1.1,35.92166,-82.03981,67
1.1,35.9217,-82.0398,68
1.1,35.92172,-82.03979,69
1.1,35.92178,-82.03977,70
1.1,35.92188,-82.03976,71
1.1,35.92205,-82.03977,72
1.1,35.92257,-82.03988,73
1.1,35.92289,-82.03993,74
1.1,35.92316,-82.03996,75
1.1,35.92315,-82.04006,76
1.1,35.92313,-82.04026,77
1.1,35.92312,-82.04039,78
1.1,35.92325,-82.0404,79
1.1,35.92341,-82.04042,80
1.1,35.92361,-82.04044,81
1.1,35.92363,-82.04024,82
1.1,35.92365,-82.04002,83
1.1,35.924,-82.04006,84
1.1,35.92422,-82.04008,85
1.1,35.92409,-82.04069,86
1.1,35.92408,-82.04076,87
1.1,35.92406,-82.04087,88
1.1,35.92391,-82.04168,89
1.1,35.92385,-82.04202,90
1.1,35.92383,-82.04213,91
1.1,35.9238,-82.04235,92
1.1,35.92377,-82.04249,93
1.1,35.92366,-82.04309,94
1.1,35.92356,-82.04369,95
1.1,35.92349,-82.04407,96
1.1,35.9232,-82.04568,97
1.1,35.92313,-82.04602,98
1.1,35.92313,-82.04605,99
1.1,35.92309,-82.04624,100
1.1,35.92302,-82.04662,101
1.1,35.92289,-82.04714,102
1.1,35.9226,-82.04819,103
1.1,35.92255,-82.0484,104
1.1,35.92251,-82.04855,105
1.1,35.92243,-82.04882,106
1.1,35.92238,-82.04903,107
1.1,35.92228,-82.04936,108
1.1,35.9222,-82.04967,109
1.1,35.92215,-82.04987,110
1.1,35.92198,-82.05052,111
1.1,35.92196,-82.05059,112
1.1,35.92187,-82.05093,113
1.1,35.92176,-82.05135,114
1.1,35.92165,-82.05177,115
1.1,35.92154,-82.0522,116
1.1,35.92151,-82.05229,117
1.1,35.92148,-82.05241,118
1.1,35.92134,-82.0529,119
1.1,35.92128,-82.05311,120
1.1,35.92127,-82.05312,121
1.1,35.92121,-82.05331,122
1.1,35.92117,-82.05342,123
1.1,35.92112,-82.05356,124
1.1,35.92098,-82.05397,125
1.1,35.92084,-82.05435,126
1.1,35.92074,-82.0546,127
1.1,35.92059,-82.05494,128
1.1,35.92045,-82.05521,129
1.1,35.92017,-82.05578,130
1.1,35.92003,-82.05604,131
1.1,35.91983,-82.05637,132
1.1,35.9196,-82.05672,133
1.1,35.91946,-82.05693,134
1.1,35.91935,-82.05708,135
1.1,35.91927,-82.0572,136
1.1,35.91923,-82.05725,137
1.1,35.91911,-82.05741,138
1.1,35.91899,-82.05758,139
1.1,35.91897,-82.05761,140
1.1,35.91887,-82.05774,141
1.1,35.91882,-82.05779,142
1.1,35.91876,-82.05786,143
1.1,35.91874,-82.05789,144
1.1,35.9187,-82.05794,145
1.1,35.91861,-82.05804,146
1.1,35.9185,-82.05817,147
1.1,35.91847,-82.05819,148
1.1,35.9184,-82.05827,149
1.1,35.91836,-82.05831,150
1.1,35.91834,-82.05834,151
1.1,35.9182,-82.05848,152
1.1,35.91818,-82.05851,153
1.1,35.91809,-82.0586,154
1.1,35.91806,-82.05863,155
1.1,35.91798,-82.05871,156
1.1,35.91792,-82.05876,157
1.1,35.91778,-82.0589,158
1.1,35.91768,-82.05899,159
1.1,35.91766,-82.05901,160
1.1,35.91763,-82.05903,161
1.1,35.91749,-82.05916,162
1.1,35.91745,-82.05919,163
1.1,35.91737,-82.05926,164
1.1,35.91734,-82.05929,165
1.1,35.91723,-82.05937,166
1.1,35.91719,-82.05941,167
1.1,35.91692,-82.05964,168
1.1,35.9169,-82.05966,169
1.1,35.91674,-82.0598,170
1.1,35.91648,-82.06002,171
1.1,35.91633,-82.06015,172
1.1,35.91603,-82.0604,173
1.1,35.91574,-82.06064,174
1.1,35.91566,-82.06071,175
1.1,35.91545,-82.06089,176
1.1,35.91557,-82.06105,177
1.1,35.91584,-82.06143,178
1.1,35.91602,-82.06166,179
1.1,35.91608,-82.0616,180
1.1,35.91611,-82.06158,181
1.1,35.91613,-82.06156,182
1.1,35.91617,-82.06154,183
1.1,35.9162,-82.06152,184
1.1,35.91624,-82.06151,185
1.1,35.91628,-82.0615,186
1.1,35.9163,-82.06149,187
1.1,35.91633,-82.06149,188
1.1,35.91637,-82.06149,189
1.1,35.91643,-82.06149,190
1.1,35.91652,-82.0615,191
1.1,35.91658,-82.06151,192
1.1,35.91669,-82.06153,193
1.1,35.91682,-82.06155,194
1.1,35.91675,-82.06175,195
1.1,35.91669,-82.06193,196
1.1,35.91662,-82.06214,197
1.1,35.91662,-82.06217,198
1.1,35.91659,-82.0623,199
1.1,35.91658,-82.06238,200
1.1,35.91657,-82.0624,201
1.1,35.91657,-82.06256,202
1.1,35.91657,-82.06261,203
1.1,35.91658,-82.06283,204
1.1,35.91658,-82.06288,205
1.1,35.91659,-82.06327,206
1.1,35.91659,-82.06349,207
1.1,35.91659,-82.06372,208
1.1,35.9166,-82.06418,209
1.1,35.91683,-82.06417,210
1.1,35.91719,-82.06415,211
1.1,35.91721,-82.06364,212
1.1,35.91723,-82.06317,213
1.1,35.91724,-82.06295,214
1.1,35.91725,-82.06286,215
1.1,35.91727,-82.06261,216
1.1,35.91731,-82.0625,217
1.1,35.91732,-82.06248,218
1.1,35.91737,-82.0624,219
1.1,35.91745,-82.06235,220
1.1,35.91752,-82.06232,221
1.1,35.91763,-82.06231,222
1.1,35.91766,-82.06231,223
1.1,35.9178,-82.06232,224
1.1,35.91781,-82.06232,225
1.1,35.9178,-82.06255,226
1.1,35.91781,-82.06232,227
1.1,35.9178,-82.06232,228
1.1,35.91766,-82.06231,229
1.1,35.91763,-82.06231,230
1.1,35.91752,-82.06232,231
1.1,35.91745,-82.06235,232
1.1,35.91737,-82.0624,233
1.1,35.91732,-82.06248,234
1.1,35.91731,-82.0625,235
1.1,35.91727,-82.06261,236
1.1,35.91725,-82.06286,237
1.1,35.91724,-82.06295,238
1.1,35.91723,-82.06317,239
1.1,35.91721,-82.06364,240
1.1,35.91719,-82.06415,241
1.1,35.91683,-82.06417,242
1.1,35.9166,-82.06418,243
1.1,35.9166,-82.06438,244
1.1,35.91661,-82.0646,245
1.1,35.91643,-82.0646,246
1.1,35.91599,-82.0646,247
1.1,35.91581,-82.06461,248
1.1,35.91563,-82.06463,249
1.1,35.91545,-82.06464,250
1.1,35.91532,-82.06465,251
1.1,35.91525,-82.06491,252
1.1,35.91515,-82.06526,253
1.1,35.91505,-82.06567,254
1.1,35.91504,-82.06578,255
1.1,35.91503,-82.06592,256
1.1,35.91504,-82.06614,257
1.1,35.91509,-82.06645,258
1.1,35.91512,-82.06657,259
1.1,35.91513,-82.06662,260
1.1,35.91514,-82.06664,261
1.1,35.91519,-82.06677,262
1.1,35.91524,-82.0669,263
1.1,35.91528,-82.06697,264
1.1,35.91536,-82.06715,265
1.1,35.9154,-82.06724,266
1.1,35.91546,-82.06735,267
1.1,35.91567,-82.06776,268
1.1,35.91581,-82.06809,269
1.1,35.916,-82.06846,270
1.1,35.91635,-82.06915,271
1.1,35.91666,-82.06986,272
1.1,35.91676,-82.0701,273
1.1,35.9168,-82.07029,274
1.1,35.91696,-82.07088,275
1.1,35.917,-82.07104,276
1.1,35.91702,-82.07115,277
1.1,35.91704,-82.07125,278
1.1,35.91705,-82.07146,279
1.1,35.91707,-82.0717,280
1.1,35.91708,-82.07177,281
1.1,35.91708,-82.07192,282
1.1,35.91709,-82.07215,283
1.1,35.91709,-82.07223,284
1.1,35.91707,-82.07236,285
1.1,35.917,-82.07279,286
1.1,35.91693,-82.07323,287
1.1,35.91676,-82.07319,288
1.1,35.9166,-82.07315,289
1.1,35.91645,-82.07311,290
1.1,35.9161,-82.07301,291
1.1,35.91592,-82.07296,292
1.1,35.91554,-82.07286,293
1.1,35.91559,-82.07305,294
1.1,35.91565,-82.07326,295
1.1,35.91566,-82.0733,296
1.1,35.91569,-82.07342,297
1.1,35.9157,-82.0736,298
1.1,35.9157,-82.07369,299
1.1,35.91569,-82.07391,300
1.1,35.91569,-82.07405,301
1.1,35.91567,-82.07458,302
1.1,35.91566,-82.07474,303
1.1,35.91566,-82.07498,304
1.1,35.91543,-82.07492,305
1.1,35.91526,-82.07487,306
1.1,35.9149,-82.07478,307
1.1,35.91488,-82.07486,308
1.1,35.91487,-82.07499,309
1.1,35.91522,-82.07508,310
1.1,35.9154,-82.07513,311
1.1,35.91566,-82.0752,312
1.1,35.91566,-82.07512,313
1.1,35.91566,-82.07498,314
1.1,35.91566,-82.07474,315
1.1,35.91567,-82.07458,316
1.1,35.91569,-82.07405,317
1.1,35.91569,-82.07391,318
1.1,35.9157,-82.07369,319
1.1,35.9157,-82.0736,320
1.1,35.91569,-82.07342,321
1.1,35.91566,-82.0733,322
1.1,35.91565,-82.07326,323
1.1,35.91559,-82.07305,324
1.1,35.91554,-82.07286,325
1.1,35.91543,-82.0729,326
1.1,35.9154,-82.07292,327
1.1,35.91534,-82.07295,328
1.1,35.91529,-82.07298,329
1.1,35.91515,-82.07308,330
1.1,35.91493,-82.07324,331
1.1,35.91488,-82.07328,332
1.1,35.91471,-82.07336,333
1.1,35.91467,-82.07337,334
1.1,35.91456,-82.07341,335
1.1,35.91454,-82.07342,336
1.1,35.91446,-82.07344,337
1.1,35.91445,-82.07345,338
1.1,35.91433,-82.07348,339
1.1,35.9132,-82.07363,340
1.1,35.91294,-82.07369,341
1.1,35.91285,-82.07371,342
1.1,35.91252,-82.0738,343
1.1,35.91238,-82.07385,344
1.1,35.91175,-82.07409,345
1.1,35.91164,-82.07413,346
1.1,35.91124,-82.0743,347
1.1,35.91091,-82.07447,348
1.1,35.91058,-82.07464,349
1.1,35.91023,-82.07472,350
1.1,35.91015,-82.07473,351
1.1,35.91005,-82.07474,352
1.1,35.91004,-82.07474,353
1.1,35.90998,-82.07474,354
1.1,35.90986,-82.07474,355
1.1,35.90968,-82.07474,356
1.1,35.90951,-82.07471,357
1.1,35.90945,-82.0747,358
1.1,35.9094,-82.07469,359
1.1,35.90932,-82.07467,360
1.1,35.90922,-82.07464,361
1.1,35.9092,-82.07463,362
1.1,35.90907,-82.07458,363
1.1,35.90888,-82.0745,364
1.1,35.90871,-82.07443,365
1.1,35.90852,-82.07434,366
1.1,35.90835,-82.07427,367
1.1,35.90834,-82.07427,368
1.1,35.90818,-82.0742,369
1.1,35.90815,-82.07419,370
1.1,35.90801,-82.07414,371
1.1,35.908,-82.07413,372
1.1,35.90794,-82.07411,373
1.1,35.90777,-82.07406,374
1.1,35.90767,-82.07403,375
1.1,35.90765,-82.07403,376
1.1,35.9075,-82.07399,377
1.1,35.90748,-82.07399,378
1.1,35.90737,-82.07397,379
1.1,35.9073,-82.07396,380
1.1,35.90723,-82.07394,381
1.1,35.90719,-82.07394,382
1.1,35.90701,-82.07391,383
1.1,35.90699,-82.07391,384
1.1,35.90685,-82.07389,385
1.1,35.90661,-82.07388,386
1.1,35.90646,-82.07387,387
1.1,35.90638,-82.07387,388
1.1,35.90626,-82.07388,389
1.1,35.90616,-82.07388,390
1.1,35.90604,-82.07389,391
1.1,35.90582,-82.07392,392
1.1,35.90522,-82.07399,393
1.1,35.90436,-82.0741,394
1.1,35.90414,-82.07413,395
1.1,35.90385,-82.07416,396
1.1,35.90347,-82.07421,397
1.1,35.90327,-82.07425,398
1.1,35.90311,-82.07431,399
1.1,35.90287,-82.07435,400
1.1,35.90268,-82.07437,401
1.1,35.90252,-82.07439,402
1.1,35.90205,-82.07432,403
1.1,35.90186,-82.07429,404
1.1,35.90176,-82.07426,405
1.1,35.90169,-82.07424,406
1.1,35.90156,-82.07419,407
1.1,35.90142,-82.07411,408
1.1,35.90137,-82.07408,409
1.1,35.90128,-82.07401,410
1.1,35.90114,-82.0739,411
1.1,35.90104,-82.07381,412
1.1,35.90093,-82.0737,413
1.1,35.90086,-82.07363,414
1.1,35.90077,-82.07353,415
1.1,35.90067,-82.0734,416
1.1,35.90064,-82.07335,417
1.1,35.90059,-82.07327,418
1.1,35.9005,-82.07311,419
1.1,35.90042,-82.07299,420
1.1,35.90037,-82.07287,421
1.1,35.90027,-82.07266,422
1.1,35.89994,-82.07181,423
1.1,35.89981,-82.07151,424
1.1,35.89968,-82.0712,425
1.1,35.89954,-82.07089,426
1.1,35.8994,-82.07061,427
1.1,35.89921,-82.07021,428
1.1,35.89913,-82.07006,429
1.1,35.89891,-82.06963,430
1.1,35.89884,-82.0695,431
1.1,35.89864,-82.06916,432
1.1,35.89856,-82.06903,433
1.1,35.89848,-82.0689,434
1.1,35.89837,-82.06876,435
1.1,35.89821,-82.06857,436
1.1,35.89814,-82.06849,437
1.1,35.89805,-82.06841,438
1.1,35.89791,-82.06829,439
1.1,35.89775,-82.06817,440
1.1,35.89754,-82.06804,441
1.1,35.89741,-82.06798,442
1.1,35.89729,-82.06793,443
1.1,35.89717,-82.06788,444
1.1,35.89703,-82.06784,445
1.1,35.89688,-82.0678,446
1.1,35.89674,-82.06777,447
1.1,35.89673,-82.06777,448
1.1,35.89655,-82.06774,449
1.1,35.89637,-82.06772,450
1.1,35.89635,-82.06772,451
1.1,35.89604,-82.06769,452
1.1,35.89564,-82.06766,453
1.1,35.89507,-82.06761,454
1.1,35.89431,-82.06755,455
1.1,35.89395,-82.06752,456
1.1,35.89338,-82.06748,457
1.1,35.89254,-82.06741,458
1.1,35.89216,-82.06738,459
1.1,35.89178,-82.06734,460
1.1,35.89181,-82.0671,461
1.1,35.89184,-82.06688,462
1.1,35.89185,-82.06684,463
1.1,35.89186,-82.06673,464
1.1,35.89185,-82.06652,465
1.1,35.89185,-82.06635,466
1.1,35.89184,-82.06624,467
1.1,35.89183,-82.06602,468
1.1,35.89197,-82.06604,469
1.1,35.89209,-82.06606,470
1.1,35.89206,-82.06654,471
1.1,35.89202,-82.06689,472
1.1,35.89195,-82.06689,473
1.1,35.89184,-82.06688,474
1.1,35.89181,-82.0671,475
1.1,35.89178,-82.06734,476
1.1,35.89122,-82.06728,477
1.1,35.89097,-82.06725,478
1.1,35.89072,-82.06722,479
1.1,35.89055,-82.06718,480
1.1,35.89025,-82.06709,481
1.1,35.89002,-82.06699,482
1.1,35.88972,-82.06684,483
1.1,35.88966,-82.06681,484
1.1,35.88957,-82.06675,485
1.1,35.88929,-82.06657,486
1.1,35.88914,-82.06646,487
1.1,35.889,-82.06634,488
1.1,35.88888,-82.06623,489
1.1,35.88878,-82.06613,490
1.1,35.88866,-82.06599,491
1.1,35.88851,-82.06581,492
1.1,35.88836,-82.0656,493
1.1,35.88833,-82.06556,494
1.1,35.88821,-82.06538,495
1.1,35.88808,-82.06516,496
1.1,35.88806,-82.06512,497
1.1,35.88789,-82.06478,498
1.1,35.8878,-82.06457,499
1.1,35.8877,-82.06429,500
1.1,35.88766,-82.06416,501
1.1,35.88764,-82.0641,502
1.1,35.8876,-82.06397,503
1.1,35.88757,-82.06386,504
1.1,35.88754,-82.06373,505
1.1,35.8875,-82.06353,506
1.1,35.8875,-82.06351,507
1.1,35.8874,-82.063,508
1.1,35.88737,-82.06286,509
1.1,35.88729,-82.06244,510
1.1,35.88723,-82.06215,511
1.1,35.88704,-82.06114,512
1.1,35.88699,-82.06091,513
1.1,35.88694,-82.06072,514
1.1,35.88686,-82.06043,515
1.1,35.88678,-82.06022,516
1.1,35.88675,-82.06015,517
1.1,35.88673,-82.06009,518
1.1,35.8867,-82.06003,519
1.1,35.88663,-82.0599,520
1.1,35.88652,-82.05966,521
1.1,35.88645,-82.05956,522
1.1,35.88633,-82.0594,523
1.1,35.8862,-82.05924,524
1.1,35.88607,-82.05911,525
1.1,35.8859,-82.05896,526
1.1,35.88581,-82.05888,527
1.1,35.88569,-82.05879,528
1.1,35.88556,-82.05871,529
1.1,35.88542,-82.05864,530
1.1,35.88527,-82.05856,531
1.1,35.88525,-82.05855,532
1.1,35.8851,-82.05849,533
1.1,35.88508,-82.05848,534
1.1,35.88493,-82.05842,535
1.1,35.88457,-82.05827,536
1.1,35.88425,-82.05815,537
1.1,35.88397,-82.05804,538
1.1,35.8838,-82.05797,539
1.1,35.88296,-82.05757,540
1.1,35.88268,-82.0574,541
1.1,35.88244,-82.05725,542
1.1,35.88227,-82.05715,543
1.1,35.8822,-82.0571,544
1.1,35.88174,-82.05674,545
1.1,35.88092,-82.05609,546
1.1,35.87887,-82.05439,547
1.1,35.87584,-82.05187,548
1.1,35.87494,-82.05113,549
1.1,35.87366,-82.05007,550
1.1,35.87301,-82.04953,551
1.1,35.87154,-82.04834,552
1.1,35.87129,-82.04813,553
1.1,35.87109,-82.04797,554
1.1,35.87093,-82.04784,555
1.1,35.87079,-82.04772,556
1.1,35.87069,-82.04763,557
1.1,35.87063,-82.04759,558
1.1,35.87058,-82.04755,559
1.1,35.87047,-82.04747,560
1.1,35.87039,-82.04741,561
1.1,35.87031,-82.04735,562
1.1,35.87022,-82.04729,563
1.1,35.86995,-82.04711,564
1.1,35.86982,-82.04704,565
1.1,35.86965,-82.04695,566
1.1,35.86967,-82.04687,567
1.1,35.86969,-82.0468,568
1.1,35.8697,-82.04675,569
1.1,35.86971,-82.04674,570
1.1,35.86971,-82.0467,571
1.1,35.86973,-82.04667,572
1.1,35.86974,-82.04663,573
1.1,35.86975,-82.0466,574
1.1,35.86977,-82.04654,575
1.1,35.86979,-82.0465,576
1.1,35.86982,-82.04646,577
1.1,35.86987,-82.04644,578
1.1,35.8699,-82.04642,579
1.1,35.86995,-82.04639,580
1.1,35.86999,-82.04637,581
1.1,35.87008,-82.04633,582
1.1,35.87013,-82.04631,583
1.1,35.87019,-82.04629,584
1.1,35.87023,-82.04626,585
1.1,35.87027,-82.04624,586
1.1,35.8703,-82.0462,587
1.1,35.87033,-82.04618,588
1.1,35.87036,-82.04614,589
1.1,35.87037,-82.04612,590
1.1,35.87039,-82.04609,591
1.1,35.8704,-82.04606,592
1.1,35.87042,-82.04603,593
1.1,35.87043,-82.046,594
1.1,35.87044,-82.04596,595
1.1,35.87044,-82.04591,596
1.1,35.87045,-82.04586,597
1.1,35.87046,-82.04576,598
1.1,35.87047,-82.04571,599
1.1,35.87047,-82.0457,600
1.1,35.87048,-82.04566,601
1.1,35.87048,-82.0456,602
1.1,35.87049,-82.04557,603
1.1,35.8705,-82.04554,604
1.1,35.87052,-82.04549,605
1.1,35.87053,-82.04544,606
1.1,35.87055,-82.04539,607
1.1,35.87056,-82.04534,608
1.1,35.87056,-82.0453,609
1.1,35.87056,-82.04528,610
1.1,35.87056,-82.04517,611
1.1,35.87055,-82.04508,612
1.1,35.87055,-82.04496,613
1.1,35.87055,-82.04492,614
1.1,35.87055,-82.04496,615
1.1,35.87055,-82.04508,616
1.1,35.87056,-82.04517,617
1.1,35.87056,-82.04528,618
1.1,35.87056,-82.0453,619
1.1,35.87056,-82.04534,620
1.1,35.87055,-82.04539,621
1.1,35.87053,-82.04544,622
1.1,35.87052,-82.04549,623
1.1,35.8705,-82.04554,624
1.1,35.87049,-82.04557,625
1.1,35.87048,-82.0456,626
1.1,35.87048,-82.04566,627
1.1,35.87047,-82.0457,628
1.1,35.87047,-82.04571,629
1.1,35.87046,-82.04576,630
1.1,35.87045,-82.04586,631
1.1,35.87044,-82.04591,632
1.1,35.87044,-82.04596,633
1.1,35.87043,-82.046,634
1.1,35.87042,-82.04603,635
1.1,35.8704,-82.04606,636
1.1,35.87039,-82.04609,637
1.1,35.87037,-82.04612,638
1.1,35.87036,-82.04614,639
1.1,35.87033,-82.04618,640
1.1,35.8703,-82.0462,641
1.1,35.87027,-82.04624,642
1.1,35.87023,-82.04626,643
1.1,35.87019,-82.04629,644
1.1,35.87013,-82.04631,645
1.1,35.87008,-82.04633,646
1.1,35.86999,-82.04637,647
1.1,35.86995,-82.04639,648
1.1,35.8699,-82.04642,649
1.1,35.86987,-82.04644,650
1.1,35.86982,-82.04646,651
1.1,35.86979,-82.0465,652
1.1,35.86977,-82.04654,653
1.1,35.86975,-82.0466,654
1.1,35.86974,-82.04663,655
1.1,35.86973,-82.04667,656
1.1,35.86971,-82.0467,657
1.1,35.86971,-82.04674,658
1.1,35.8697,-82.04675,659
1.1,35.86969,-82.0468,660
1.1,35.86967,-82.04687,661
1.1,35.86965,-82.04695,662
1.1,35.86982,-82.04704,663
1.1,35.86995,-82.04711,664
1.1,35.87022,-82.04729,665
1.1,35.87031,-82.04735,666
1.1,35.87039,-82.04741,667
1.1,35.87047,-82.04747,668
1.1,35.87058,-82.04755,669
1.1,35.87063,-82.04759,670
1.1,35.87069,-82.04763,671
1.1,35.87079,-82.04772,672
1.1,35.87093,-82.04784,673
1.1,35.87109,-82.04797,674
1.1,35.87129,-82.04813,675
1.1,35.87154,-82.04834,676
1.1,35.87301,-82.04953,677
1.1,35.87366,-82.05007,678
1.1,35.87494,-82.05113,679
1.1,35.87584,-82.05187,680
1.1,35.87887,-82.05439,681
1.1,35.88092,-82.05609,682
1.1,35.88174,-82.05674,683
1.1,35.8822,-82.0571,684
1.1,35.88227,-82.05715,685
1.1,35.88244,-82.05725,686
1.1,35.88268,-82.0574,687
1.1,35.88296,-82.05757,688
1.1,35.8838,-82.05797,689
1.1,35.88397,-82.05804,690
1.1,35.88425,-82.05815,691
1.1,35.88457,-82.05827,692
1.1,35.88493,-82.05842,693
1.1,35.88508,-82.05848,694
1.1,35.8851,-82.05849,695
1.1,35.88525,-82.05855,696
1.1,35.88527,-82.05856,697
1.1,35.88542,-82.05864,698
1.1,35.88556,-82.05871,699
1.1,35.88569,-82.05879,700
1.1,35.88581,-82.05888,701
1.1,35.8859,-82.05896,702
1.1,35.88607,-82.05911,703
1.1,35.8862,-82.05924,704
1.1,35.88633,-82.0594,705
1.1,35.88645,-82.05956,706
1.1,35.88652,-82.05966,707
1.1,35.88663,-82.0599,708
1.1,35.8867,-82.06003,709
1.1,35.88673,-82.06009,710
1.1,35.88675,-82.06015,711
1.1,35.88678,-82.06022,712
1.1,35.88686,-82.06043,713
1.1,35.88694,-82.06072,714
1.1,35.88699,-82.06091,715
1.1,35.88704,-82.06114,716
1.1,35.88723,-82.06215,717
1.1,35.88729,-82.06244,718
1.1,35.88737,-82.06286,719
1.1,35.8874,-82.063,720
1.1,35.8875,-82.06351,721
1.1,35.8875,-82.06353,722
1.1,35.88754,-82.06373,723
1.1,35.88757,-82.06386,724
1.1,35.8876,-82.06397,725
1.1,35.88764,-82.0641,726
1.1,35.88766,-82.06416,727
1.1,35.8877,-82.06429,728
1.1,35.8878,-82.06457,729
1.1,35.88789,-82.06478,730
1.1,35.88806,-82.06512,731
1.1,35.88808,-82.06516,732
1.1,35.88821,-82.06538,733
1.1,35.88833,-82.06556,734
1.1,35.88836,-82.0656,735
1.1,35.88851,-82.06581,736
1.1,35.88866,-82.06599,737
1.1,35.88878,-82.06613,738
1.1,35.88888,-82.06623,739
1.1,35.889,-82.06634,740
1.1,35.88914,-82.06646,741
1.1,35.88929,-82.06657,742
1.1,35.88957,-82.06675,743
1.1,35.88966,-82.06681,744
1.1,35.88972,-82.06684,745
1.1,35.89002,-82.06699,746
1.1,35.89025,-82.06709,747
1.1,35.89055,-82.06718,748
1.1,35.89072,-82.06722,749
1.1,35.89097,-82.06725,750
1.1,35.89122,-82.06728,751
1.1,35.89178,-82.06734,752
1.1,35.89216,-82.06738,753
1.1,35.89254,-82.06741,754
1.1,35.89338,-82.06748,755
1.1,35.89395,-82.06752,756
1.1,35.89431,-82.06755,757
1.1,35.89507,-82.06761,758
1.1,35.89564,-82.06766,759
1.1,35.89604,-82.06769,760
1.1,35.89635,-82.06772,761
1.1,35.89637,-82.06772,762
1.1,35.89655,-82.06774,763
1.1,35.89673,-82.06777,764
1.1,35.89674,-82.06777,765
1.1,35.89688,-82.0678,766
1.1,35.89703,-82.06784,767
1.1,35.89717,-82.06788,768
1.1,35.89729,-82.06793,769
1.1,35.89741,-82.06798,770
1.1,35.89754,-82.06804,771
1.1,35.89775,-82.06817,772
1.1,35.89791,-82.06829,773
1.1,35.89805,-82.06841,774
1.1,35.89814,-82.06849,775
1.1,35.89821,-82.06857,776
1.1,35.89837,-82.06876,777
1.1,35.89848,-82.0689,778
1.1,35.89856,-82.06903,779
1.1,35.89864,-82.06916,780
1.1,35.89884,-82.0695,781
1.1,35.89891,-82.06963,782
1.1,35.89913,-82.07006,783
1.1,35.89921,-82.07021,784
1.1,35.8994,-82.07061,785
1.1,35.89954,-82.07089,786
1.1,35.89968,-82.0712,787
1.1,35.89981,-82.07151,788
1.1,35.89994,-82.07181,789
1.1,35.90027,-82.07266,790
1.1,35.90037,-82.07287,791
1.1,35.90042,-82.07299,792
1.1,35.9005,-82.07311,793
1.1,35.90059,-82.07327,794
1.1,35.90064,-82.07335,795
1.1,35.90067,-82.0734,796
1.1,35.90077,-82.07353,797
1.1,35.90086,-82.07363,798
1.1,35.90093,-82.0737,799
1.1,35.90104,-82.07381,800
1.1,35.90114,-82.0739,801
1.1,35.90128,-82.07401,802
1.1,35.90137,-82.07408,803
1.1,35.90142,-82.07411,804
1.1,35.90156,-82.07419,805
1.1,35.90169,-82.07424,806
1.1,35.90176,-82.07426,807
1.1,35.90186,-82.07429,808
1.1,35.90205,-82.07432,809
1.1,35.90252,-82.07439,810
1.1,35.90268,-82.07437,811
1.1,35.90287,-82.07435,812
1.1,35.90311,-82.07431,813
1.1,35.90327,-82.07425,814
1.1,35.90347,-82.07421,815
1.1,35.90385,-82.07416,816
1.1,35.90414,-82.07413,817
1.1,35.90436,-82.0741,818
1.1,35.90522,-82.07399,819
1.1,35.90582,-82.07392,820
1.1,35.90604,-82.07389,821
1.1,35.90616,-82.07388,822
1.1,35.90626,-82.07388,823
1.1,35.90638,-82.07387,824
1.1,35.90646,-82.07387,825
1.1,35.90661,-82.07388,826
1.1,35.90685,-82.07389,827
1.1,35.90699,-82.07391,828
1.1,35.90701,-82.07391,829
1.1,35.90719,-82.07394,830
1.1,35.90723,-82.07394,831
1.1,35.9073,-82.07396,832
1.1,35.90737,-82.07397,833
1.1,35.90748,-82.07399,834
1.1,35.9075,-82.07399,835
1.1,35.90765,-82.07403,836
1.1,35.90767,-82.07403,837
1.1,35.90777,-82.07406,838
1.1,35.90794,-82.07411,839
1.1,35.908,-82.07413,840
1.1,35.90801,-82.07414,841
1.1,35.90815,-82.07419,842
1.1,35.90818,-82.0742,843
1.1,35.90834,-82.07427,844
1.1,35.90835,-82.07427,845
1.1,35.90852,-82.07434,846
1.1,35.90871,-82.07443,847
1.1,35.90888,-82.0745,848
1.1,35.90907,-82.07458,849
1.1,35.9092,-82.07463,850
1.1,35.90922,-82.07464,851
1.1,35.90932,-82.07467,852
1.1,35.9094,-82.07469,853
1.1,35.90945,-82.0747,854
1.1,35.90951,-82.07471,855
1.1,35.90968,-82.07474,856
1.1,35.90986,-82.07474,857
1.1,35.90998,-82.07474,858
1.1,35.91004,-82.07474,859
1.1,35.91005,-82.07474,860
1.1,35.91015,-82.07473,861
1.1,35.91023,-82.07472,862
1.1,35.91058,-82.07464,863
1.1,35.91051,-82.07354,864
1.1,35.91047,-82.07309,865
1.1,35.91047,-82.07306,866
1.1,35.91045,-82.07289,867
1.1,35.91044,-82.07269,868
1.1,35.91038,-82.07183,869
1.1,35.91033,-82.07102,870
1.1,35.91033,-82.07094,871
1.1,35.91032,-82.07072,872
1.1,35.91032,-82.0706,873
1.1,35.91031,-82.07028,874
1.1,35.91031,-82.07016,875
1.1,35.91032,-82.07005,876
1.1,35.91032,-82.06983,877
1.1,35.91033,-82.06975,878
1.1,35.91033,-82.06961,879
1.1,35.91034,-82.06941,880
1.1,35.91034,-82.06939,881
1.1,35.91036,-82.06917,882
1.1,35.91039,-82.06894,883
1.1,35.91042,-82.06867,884
1.1,35.91043,-82.06861,885
1.1,35.91044,-82.06852,886
1.1,35.91046,-82.06842,887
1.1,35.91051,-82.06807,888
1.1,35.91057,-82.06777,889
1.1,35.91063,-82.06755,890
1.1,35.91071,-82.06724,891
1.1,35.91077,-82.06706,892
1.1,35.91077,-82.06703,893
1.1,35.9109,-82.06665,894
1.1,35.91109,-82.06616,895
1.1,35.91111,-82.0661,896
1.1,35.91123,-82.06583,897
1.1,35.91126,-82.06577,898
1.1,35.91131,-82.06564,899
1.1,35.91138,-82.06547,900
1.1,35.91149,-82.06526,901
1.1,35.91149,-82.06525,902
1.1,35.91139,-82.0651,903
1.1,35.91137,-82.06508,904
1.1,35.91111,-82.06477,905
1.1,35.91099,-82.06462,906
1.1,35.91084,-82.06478,907
1.1,35.91078,-82.06486,908
1.1,35.91073,-82.06494,909
1.1,35.9107,-82.06499,910
1.1,35.91068,-82.06504,911
1.1,35.91066,-82.06511,912
1.1,35.91059,-82.06532,913
1.1,35.91056,-82.0654,914
1.1,35.91054,-82.06546,915
1.1,35.91052,-82.06552,916
1.1,35.91036,-82.06544,917
1.1,35.91003,-82.06527,918
1.1,35.9098,-82.06516,919
1.1,35.90969,-82.06511,920
1.1,35.90952,-82.06505,921
1.1,35.90934,-82.06499,922
1.1,35.90917,-82.06494,923
1.1,35.90914,-82.06494,924
1.1,35.90881,-82.06491,925
1.1,35.90841,-82.06487,926
1.1,35.90832,-82.06489,927
1.1,35.90825,-82.06494,928
1.1,35.90819,-82.06502,929
1.1,35.908,-82.06546,930
1.1,35.90792,-82.06566,931
1.1,35.90791,-82.06567,932
1.1,35.90789,-82.06569,933
1.1,35.90787,-82.0657,934
1.1,35.90782,-82.06571,935
1.1,35.90774,-82.06571,936
1.1,35.90756,-82.06573,937
1.1,35.90745,-82.06576,938
1.1,35.9074,-82.06581,939
1.1,35.90738,-82.06583,940
1.1,35.90733,-82.06588,941
1.1,35.90728,-82.06598,942
1.1,35.90725,-82.06605,943
1.1,35.90718,-82.06619,944
1.1,35.90708,-82.06637,945
1.1,35.90719,-82.06652,946
1.1,35.9072,-82.06654,947
1.1,35.90722,-82.06656,948
1.1,35.90729,-82.06663,949
1.1,35.90722,-82.06656,950
1.1,35.9072,-82.06654,951
1.1,35.90719,-82.06652,952
1.1,35.90708,-82.06637,953
1.1,35.90718,-82.06619,954
1.1,35.90725,-82.06605,955
1.1,35.90728,-82.06598,956
1.1,35.90733,-82.06588,957
1.1,35.90738,-82.06583,958
1.1,35.9074,-82.06581,959
1.1,35.90745,-82.06576,960
1.1,35.90756,-82.06573,961
1.1,35.90774,-82.06571,962
1.1,35.90782,-82.06571,963
1.1,35.90787,-82.0657,964
1.1,35.90789,-82.06569,965
1.1,35.90791,-82.06567,966
1.1,35.90792,-82.06566,967
1.1,35.908,-82.06546,968
1.1,35.90819,-82.06502,969
1.1,35.90825,-82.06494,970
1.1,35.90832,-82.06489,971
1.1,35.90841,-82.06487,972
1.1,35.90881,-82.06491,973
1.1,35.90914,-82.06494,974
1.1,35.90917,-82.06494,975
1.1,35.90934,-82.06499,976
1.1,35.90952,-82.06505,977
1.1,35.90969,-82.06511,978
1.1,35.9098,-82.06516,979
1.1,35.91003,-82.06527,980
1.1,35.91036,-82.06544,981
1.1,35.91052,-82.06552,982
1.1,35.91054,-82.06546,983
1.1,35.91056,-82.0654,984
1.1,35.91059,-82.06532,985
1.1,35.91066,-82.06511,986
1.1,35.91068,-82.06504,987
1.1,35.9107,-82.06499,988
1.1,35.91073,-82.06494,989
1.1,35.91078,-82.06486,990
1.1,35.91084,-82.06478,991
1.1,35.91099,-82.06462,992
1.1,35.91111,-82.06477,993
1.1,35.91137,-82.06508,994
1.1,35.91139,-82.0651,995
1.1,35.91149,-82.06525,996
1.1,35.91158,-82.0651,997
1.1,35.91164,-82.06497,998
1.1,35.91185,-82.06461,999
1.1,35.912,-82.06432,1000
1.1,35.91211,-82.06414,1001
1.1,35.91216,-82.06406,1002
1.1,35.91246,-82.06365,1003
1.1,35.91255,-82.06354,1004
1.1,35.91278,-82.06326,1005
1.1,35.9129,-82.06311,1006
1.1,35.91325,-82.06273,1007
1.1,35.91342,-82.06257,1008
1.1,35.91428,-82.06183,1009
1.1,35.91447,-82.06167,1010
1.1,35.91476,-82.06143,1011
1.1,35.91488,-82.06134,1012
1.1,35.91533,-82.06098,1013
1.1,35.91537,-82.06094,1014
1.1,35.91541,-82.06091,1015
1.1,35.91545,-82.06089,1016
1.1,35.91566,-82.06071,1017
1.1,35.91574,-82.06064,1018
1.1,35.91603,-82.0604,1019
1.1,35.91633,-82.06015,1020
1.1,35.91648,-82.06002,1021
1.1,35.91674,-82.0598,1022
1.1,35.9169,-82.05966,1023
1.1,35.91692,-82.05964,1024
1.1,35.91719,-82.05941,1025
1.1,35.91723,-82.05937,1026
1.1,35.91734,-82.05929,1027
1.1,35.91737,-82.05926,1028
1.1,35.91745,-82.05919,1029
1.1,35.91749,-82.05916,1030
1.1,35.91763,-82.05903,1031
1.1,35.91766,-82.05901,1032
1.1,35.91768,-82.05899,1033
1.1,35.91778,-82.0589,1034
1.1,35.91792,-82.05876,1035
1.1,35.91798,-82.05871,1036
1.1,35.91806,-82.05863,1037
1.1,35.91809,-82.0586,1038
1.1,35.91818,-82.05851,1039
1.1,35.9182,-82.05848,1040
1.1,35.91834,-82.05834,1041
1.1,35.91836,-82.05831,1042
1.1,35.9184,-82.05827,1043
1.1,35.91847,-82.05819,1044
1.1,35.9185,-82.05817,1045
1.1,35.91861,-82.05804,1046
1.1,35.9187,-82.05794,1047
1.1,35.91874,-82.05789,1048
1.1,35.91876,-82.05786,1049
1.1,35.91882,-82.05779,1050
1.1,35.91887,-82.05774,1051
1.1,35.91897,-82.05761,1052
1.1,35.91899,-82.05758,1053
1.1,35.91911,-82.05741,1054
1.1,35.91923,-82.05725,1055
1.1,35.91927,-82.0572,1056
1.1,35.91935,-82.05708,1057
1.1,35.91946,-82.05693,1058
1.1,35.9196,-82.05672,1059
1.1,35.91983,-82.05637,1060
1.1,35.92003,-82.05604,1061
1.1,35.92017,-82.05578,1062
1.1,35.92045,-82.05521,1063
1.1,35.92059,-82.05494,1064
1.1,35.92074,-82.0546,1065
1.1,35.92084,-82.05435,1066
1.1,35.92098,-82.05397,1067
1.1,35.92112,-82.05356,1068
1.1,35.92117,-82.05342,1069
1.1,35.92121,-82.05331,1070
1.1,35.92127,-82.05312,1071
1.1,35.92128,-82.05311,1072
1.1,35.92134,-82.0529,1073
1.1,35.92148,-82.05241,1074
1.1,35.92151,-82.05229,1075
1.1,35.92154,-82.0522,1076
1.1,35.92165,-82.05177,1077
1.1,35.92176,-82.05135,1078
1.1,35.92187,-82.05093,1079
1.1,35.92196,-82.05059,1080
1.1,35.92198,-82.05052,1081
1.1,35.92215,-82.04987,1082
1.1,35.9222,-82.04967,1083
1.1,35.92228,-82.04936,1084
1.1,35.92238,-82.04903,1085
1.1,35.92243,-82.04882,1086
1.1,35.92251,-82.04855,1087
1.1,35.92255,-82.0484,1088
1.1,35.9226,-82.04819,1089
1.1,35.92289,-82.04714,1090
1.1,35.92302,-82.04662,1091
1.1,35.92309,-82.04624,1092
1.1,35.92313,-82.04605,1093
1.1,35.92313,-82.04602,1094
1.1,35.9232,-82.04568,1095
1.1,35.92349,-82.04407,1096
1.1,35.92356,-82.04369,1097
1.1,35.92366,-82.04309,1098
1.1,35.92377,-82.04249,1099
1.1,35.9238,-82.04235,1100
1.1,35.92383,-82.04213,1101
1.1,35.92385,-82.04202,1102
1.1,35.92391,-82.04168,1103
1.1,35.92406,-82.04087,1104
1.1,35.92408,-82.04076,1105
1.1,35.92409,-82.04069,1106
1.1,35.92422,-82.04008,1107
1.1,35.92431,-82.03965,1108
1.1,35.92434,-82.03952,1109
1.1,35.92441,-82.03922,1110
1.1,35.92443,-82.03914,1111
1.1,35.92447,-82.03901,1112
1.1,35.92451,-82.03885,1113
1.1,35.92468,-82.03825,1114
1.1,35.92481,-82.03784,1115
1.1,35.92492,-82.03752,1116
1.1,35.92506,-82.03712,1117
1.1,35.92506,-82.03711,1118
1.1,35.92513,-82.03692,1119
1.1,35.92527,-82.03651,1120
1.1,35.92541,-82.0361,1121
1.1,35.92555,-82.0357,1122
1.1,35.92556,-82.03568,1123
1.1,35.92563,-82.03547,1124
1.1,35.92569,-82.03529,1125
1.1,35.9257,-82.03527,1126
1.1,35.92584,-82.03485,1127
1.1,35.92595,-82.03454,1128
1.1,35.92608,-82.03416,1129
1.1,35.92614,-82.03397,1130
1.1,35.92629,-82.03354,1131
1.1,35.92663,-82.03254,1132
1.1,35.92683,-82.03199,1133
1.1,35.92709,-82.03125,1134
1.1,35.92721,-82.03089,1135
1.1,35.92734,-82.03048,1136
1.1,35.92744,-82.0302,1137
1.1,35.92765,-82.02959,1138
1.1,35.92783,-82.02908,1139
1.1,35.92809,-82.02836,1140
1.1,35.92828,-82.02776,1141
1.1,35.92843,-82.02735,1142
1.1,35.92862,-82.02679,1143
1.1,35.92867,-82.02667,1144
1.1,35.92873,-82.02653,1145
1.1,35.92907,-82.02548,1146
1.1,35.92937,-82.02462,1147
1.1,35.92955,-82.02408,1148
1.1,35.92965,-82.02381,1149
1.1,35.92967,-82.02374,1150
1.1,35.92981,-82.02333,1151
1.1,35.92996,-82.02291,1152
1.1,35.93016,-82.02226,1153
1.1,35.93024,-82.02193,1154
1.1,35.93024,-82.02182,1155
1.1,35.93027,-82.02161,1156
1.1,35.93029,-82.02151,1157
1.1,35.93031,-82.02134,1158
1.1,35.93032,-82.02127,1159
1.1,35.93036,-82.02086,1160
1.1,35.93036,-82.02077,1161
1.1,35.93039,-82.0206,1162
1.1,35.9304,-82.02042,1163
1.1,35.93042,-82.02026,1164
1.1,35.93046,-82.01982,1165
1.1,35.93048,-82.0196,1166
1.1,35.93052,-82.01909,1167
1.1,35.93054,-82.01893,1168
1.1,35.93056,-82.01876,1169
1.1,35.93058,-82.01867,1170
1.1,35.9306,-82.0186,1171
1.1,35.93062,-82.0185,1172
1.1,35.93064,-82.01834,1173
1.1,35.93068,-82.01817,1174
1.1,35.93072,-82.01801,1175
1.1,35.93077,-82.01781,1176
1.1,35.93079,-82.01777,1177
1.1,35.93079,-82.01775,1178
1.1,35.93083,-82.01764,1179
1.1,35.93091,-82.01742,1180
1.1,35.93093,-82.01736,1181
1.1,35.931,-82.01714,1182
1.1,35.93105,-82.01704,1183
1.1,35.93114,-82.01686,1184
1.1,35.93127,-82.0166,1185
1.1,35.9314,-82.01638,1186
1.1,35.93148,-82.01626,1187
1.1,35.9315,-82.01622,1188
1.1,35.93158,-82.0161,1189
1.1,35.93172,-82.0159,1190
1.1,35.93178,-82.01597,1191
1.1,35.93185,-82.016,1192
1.1,35.93187,-82.01603,1193
1.1,35.93198,-82.01616,1194
1.1,35.93207,-82.01626,1195
1.1,35.93213,-82.01631,1196
1.1,35.93218,-82.01633,1197
1.1,35.93225,-82.01637,1198
1.1,35.9323,-82.01638,1199
1.1,35.93239,-82.01638,1200
1.1,35.93257,-82.01638,1201
1.1,35.93266,-82.01638,1202
1.1,35.93294,-82.01639,1203
1.1,35.93311,-82.0164,1204
1.1,35.93332,-82.0164,1205
1.1,35.93342,-82.01644,1206
1.1,35.93349,-82.01648,1207
1.1,35.93356,-82.01653,1208
1.1,35.93361,-82.01658,1209
1.1,35.93369,-82.01667,1210
1.1,35.93374,-82.01675,1211
1.1,35.93381,-82.0169,1212
