route_id,service_id,trip_id,trip_headsign,trip_short_name,direction_id,block_id,shape_id,wheelchair_accessible,bikes_allowed
5082,60896.162090,866825,,,,30434,60896,0,0
5082,60896.162090,866826,,,,18445,60896,0,0
5082,60896.162090,866827,,,,30434,60896,0,0
5082,60896.162090,866828,,,,18445,60896,0,0
5082,60896.162090,866829,,,,30434,60896,0,0
5082,60896.162090,866830,,,,18445,60896,0,0
5082,60896.162090,866831,,,,30434,60896,0,0
5082,60896.162090,866832,,,,18445,60896,0,0
5082,60896.162090,866833,,,,30434,60896,0,0
5082,60896.162090,866834,,,,18445,60896,0,0
5082,60896.162090,866835,,,,30434,60896,0,0
5082,60896.162090,866836,,,,18445,60896,0,0
5082,60896.162090,866837,,,,30434,60896,0,0
5082,60896.162090,866838,,,,18445,60896,0,0
5082,60896.162091,866839,,,,19339,60896,0,0
5082,60896.162091,866840,,,,19340,60896,0,0
5082,60896.162091,866841,,,,19339,60896,0,0
5082,60896.162091,866842,,,,19340,60896,0,0
5082,60896.162091,866843,,,,19339,60896,0,0
5082,60896.162091,866844,,,,19340,60896,0,0
5082,60896.162091,866845,,,,19339,60896,0,0
5082,60896.162091,866846,,,,19340,60896,0,0
5082,60896.162091,866847,,,,19339,60896,0,0
5082,60896.162091,866848,,,,19340,60896,0,0
5082,60896.162090,866849,,,,18445,60897,0,0
5082,60896.162090,866850,,,,30434,60897,0,0
5082,60896.162090,866851,,,,18445,60897,0,0
5082,60896.162090,866852,,,,30434,60897,0,0
5082,60896.162090,866853,,,,18445,60897,0,0
5082,60896.162090,866855,,,,18445,60897,0,0
5082,60896.162090,866857,,,,18445,60897,0,0
5082,60896.162090,866858,,,,30434,60897,0,0
5082,60896.162090,866859,,,,18445,60897,0,0
5082,60896.162090,866860,,,,30434,60897,0,0
5082,60896.162090,866861,,,,18445,60897,0,0
5082,60896.162090,866862,,,,30434,60897,0,0
5082,60896.162091,866863,,,,19340,60897,0,0
5082,60896.162091,866864,,,,30434,60897,0,0
5082,60896.162091,866865,,,,19340,60897,0,0
5082,60896.162091,866866,,,,30434,60897,0,0
5082,60896.162091,866867,,,,19340,60897,0,0
5082,60896.162091,866868,,,,19339,60897,0,0
5082,60896.162091,866869,,,,19340,60897,0,0
5082,60896.162091,866870,,,,19339,60897,0,0
5082,60896.162091,866871,,,,19340,60897,0,0
5082,60896.162091,866872,,,,19339,60897,0,0
5084,60896.162090,520194,,,,18447,40387,0,0
5084,60896.162090,530305,,,,18447,40387,0,0
5084,60896.162090,530306,,,,18447,40387,0,0
5084,60896.162090,530307,,,,18447,40387,0,0
5084,60896.162090,530308,,,,18447,40387,0,0
5084,60896.162090,530309,,,,18447,40387,0,0
5084,60896.162090,530310,,,,18447,40387,0,0
5084,60896.162090,530311,,,,18447,40387,0,0
5084,60896.162090,530312,,,,18447,40387,0,0
5084,60896.162090,530313,,,,18447,40387,0,0
5084,60896.162090,530314,,,,18447,40387,0,0
5084,60896.162090,530315,,,,18447,40387,0,0
5084,60896.162090,738329,,,,18447,40387,0,0
5084,60896.162090,746547,,,,18447,40387,0,0
5084,60896.162090,558354,,,,19336,40387,0,0
5084,60896.162090,558355,,,,19336,40387,0,0
5084,60896.162090,558356,,,,19336,40387,0,0
5084,60896.162090,558357,,,,19336,40387,0,0
5084,60896.162090,558358,,,,19336,40387,0,0
5084,60896.162090,558359,,,,19336,40387,0,0
5084,60896.162090,558360,,,,19336,40387,0,0
5084,60896.162090,558361,,,,19336,40387,0,0
5084,60896.162090,558362,,,,19336,40387,0,0
5084,60896.162090,746546,,,,19336,40387,0,0
5084,60896.162090,520207,,,,18447,40394,0,0
5084,60896.162090,530292,,,,18447,40394,0,0
5084,60896.162090,530293,,,,18447,40394,0,0
5084,60896.162090,530294,,,,18447,40394,0,0
5084,60896.162090,530295,,,,18447,40394,0,0
5084,60896.162090,530296,,,,18447,40394,0,0
5084,60896.162090,530297,,,,18447,40394,0,0
5084,60896.162090,530298,,,,18447,40394,0,0
5084,60896.162090,530299,,,,18447,40394,0,0
5084,60896.162090,530300,,,,18447,40394,0,0
5084,60896.162090,530301,,,,18447,40394,0,0
5084,60896.162090,530302,,,,18447,40394,0,0
5084,60896.162090,530303,,,,18447,40394,0,0
5084,60896.162090,738328,,,,18447,40394,0,0
5084,60896.162091,558364,,,,19336,40394,0,0
5084,60896.162091,558365,,,,19336,40394,0,0
5084,60896.162091,558366,,,,19336,40394,0,0
5084,60896.162091,558367,,,,19336,40394,0,0
5084,60896.162091,558368,,,,19336,40394,0,0
5084,60896.162091,558369,,,,19336,40394,0,0
5084,60896.162091,558370,,,,19336,40394,0,0
5084,60896.162091,558371,,,,19336,40394,0,0
5084,60896.162091,558372,,,,19336,40394,0,0
5084,60896.162091,558373,,,,19336,40394,0,0
5085,60896.162090,520192,,,,18448,40385,0,0
5085,60896.162090,530318,,,,18448,40385,0,0
5085,60896.162090,530319,,,,18448,40385,0,0
5085,60896.162090,530320,,,,18448,40385,0,0
5085,60896.162090,530321,,,,18448,40385,0,0
5085,60896.162090,530322,,,,18448,40385,0,0
5085,60896.162090,530323,,,,18448,40385,0,0
5085,60896.162090,530324,,,,18448,40385,0,0
5085,60896.162090,530325,,,,18448,40385,0,0
5085,60896.162090,530326,,,,18448,40385,0,0
5085,60896.162090,530327,,,,18448,40385,0,0
5085,60896.162090,530328,,,,18448,40385,0,0
5085,60896.162090,530329,,,,18448,40385,0,0
5085,60896.162091,558374,,,,19337,40385,0,0
5085,60896.162091,558375,,,,19337,40385,0,0
5085,60896.162091,558376,,,,19337,40385,0,0
5085,60896.162091,558377,,,,19337,40385,0,0
5085,60896.162091,558378,,,,19337,40385,0,0
5085,60896.162091,558379,,,,19337,40385,0,0
5085,60896.162091,558380,,,,19337,40385,0,0
5085,60896.162091,558381,,,,19337,40385,0,0
5085,60896.162091,558382,,,,19337,40385,0,0
5085,60896.162091,558383,,,,19337,40385,0,0
5085,60896.162090,520208,,,,18448,40395,0,0
5085,60896.162090,530331,,,,18448,40395,0,0
5085,60896.162090,530332,,,,18448,40395,0,0
5085,60896.162090,530333,,,,18448,40395,0,0
5085,60896.162090,530334,,,,18448,40395,0,0
5085,60896.162090,530335,,,,18448,40395,0,0
5085,60896.162090,530336,,,,18448,40395,0,0
5085,60896.162090,530337,,,,18448,40395,0,0
5085,60896.162090,530338,,,,18448,40395,0,0
5085,60896.162090,530339,,,,18448,40395,0,0
5085,60896.162090,530340,,,,18448,40395,0,0
5085,60896.162090,530341,,,,18448,40395,0,0
5085,60896.162090,530342,,,,18448,40395,0,0
5085,60896.162091,558384,,,,19337,40395,0,0
5085,60896.162091,558385,,,,19337,40395,0,0
5085,60896.162091,558386,,,,19337,40395,0,0
5085,60896.162091,558387,,,,19337,40395,0,0
5085,60896.162091,558388,,,,19337,40395,0,0
5085,60896.162091,558389,,,,19337,40395,0,0
5085,60896.162091,558390,,,,19337,40395,0,0
5085,60896.162091,558391,,,,19337,40395,0,0
5085,60896.162091,558392,,,,19337,40395,0,0
5085,60896.162091,558393,,,,19337,40395,0,0
5086,60896.162090,520193,,,,18925,40386,0,0
5086,60896.162090,545541,,,,18925,40386,0,0
5086,60896.162090,545542,,,,18925,40386,0,0
5086,60896.162090,545543,,,,18925,40386,0,0
5086,60896.162090,545544,,,,18925,40386,0,0
5086,60896.162090,545545,,,,18925,40386,0,0
5086,60896.162090,545546,,,,18925,40386,0,0
5086,60896.162090,545547,,,,18925,40386,0,0
5086,60896.162090,545548,,,,18925,40386,0,0
5086,60896.162090,545549,,,,18925,40386,0,0
5086,60896.162090,545550,,,,18925,40386,0,0
5086,60896.162090,545551,,,,18925,40386,0,0
5086,60896.162090,545552,,,,18925,40386,0,0
5086,60896.162090,545553,,,,18925,40386,0,0
5086,60896.162091,558394,,,,19338,40386,0,0
5086,60896.162091,558395,,,,19338,40386,0,0
5086,60896.162091,558396,,,,19338,40386,0,0
5086,60896.162091,558397,,,,19338,40386,0,0
5086,60896.162091,558398,,,,19338,40386,0,0
5086,60896.162091,558399,,,,19338,40386,0,0
5086,60896.162091,558400,,,,19338,40386,0,0
5086,60896.162091,558401,,,,19338,40386,0,0
5086,60896.162091,558402,,,,19338,40386,0,0
5086,60896.162091,558403,,,,19338,40386,0,0
5086,60896.162090,520209,,,,18925,40396,0,0
5086,60896.162090,545527,,,,18925,40396,0,0
5086,60896.162090,545528,,,,18925,40396,0,0
5086,60896.162090,545529,,,,18925,40396,0,0
5086,60896.162090,545530,,,,18925,40396,0,0
5086,60896.162090,545531,,,,18925,40396,0,0
5086,60896.162090,545532,,,,18925,40396,0,0
5086,60896.162090,545533,,,,18925,40396,0,0
5086,60896.162090,545534,,,,18925,40396,0,0
5086,60896.162090,545535,,,,18925,40396,0,0
5086,60896.162090,545536,,,,18925,40396,0,0
5086,60896.162090,545537,,,,18925,40396,0,0
5086,60896.162090,545538,,,,18925,40396,0,0
5086,60896.162090,545539,,,,18925,40396,0,0
5086,60896.162091,558404,,,,19338,40396,0,0
5086,60896.162091,558405,,,,19338,40396,0,0
5086,60896.162091,558406,,,,19338,40396,0,0
5086,60896.162091,558407,,,,19338,40396,0,0
5086,60896.162091,558408,,,,19338,40396,0,0
5086,60896.162091,558409,,,,19338,40396,0,0
5086,60896.162091,558410,,,,19338,40396,0,0
5086,60896.162091,558411,,,,19338,40396,0,0
5086,60896.162091,558412,,,,19338,40396,0,0
5086,60896.162091,558413,,,,19338,40396,0,0
5086,60896.162091,558414,,,,19338,40396,0,0
5087,60899.162095,866894,,,,19346,60899,0,0
5087,60899.162095,866908,,,,19346,60899,0,0
5087,60899.162096,866893,,,,19566,60899,0,0
5087,60899.162096,866896,,,,19567,60899,0,0
5087,60899.162096,866900,,,,19566,60899,0,0
5087,60899.162096,866901,,,,19567,60899,0,0
5087,60899.162096,866902,,,,19566,60899,0,0
5087,60899.162096,866903,,,,19567,60899,0,0
5087,60899.162096,866909,,,,19566,60899,0,0
5087,60899.162096,866910,,,,19567,60899,0,0
5087,60899.162096,866911,,,,19566,60899,0,0
5087,60899.162096,866912,,,,19567,60899,0,0
5087,60899.162096,866913,,,,19566,60899,0,0
5087,60899.162095,866899,,,,19347,60899,0,0
5087,60899.162099,866904,,,,20845,60899,0,0
5087,60899.162099,866905,,,,20846,60899,0,0
5087,60899.162099,866906,,,,20845,60899,0,0
5087,60899.162099,866907,,,,20846,60899,0,0
5087,60899.162099,866915,,,,20846,60899,0,0
5087,60899.162099,866916,,,,20845,60899,0,0
5087,60899.162099,866917,,,,20846,60899,0,0
5087,60899.162095,866918,,,,19346,60900,0,0
5087,60899.162095,866919,,,,19346,60900,0,0
5087,60899.162095,866934,,,,19346,60900,0,0
5087,60899.162096,866926,,,,19567,60900,0,0
5087,60899.162096,866927,,,,19566,60900,0,0
5087,60899.162096,866928,,,,19567,60900,0,0
5087,60899.162096,866929,,,,19566,60900,0,0
5087,60899.162096,866935,,,,19567,60900,0,0
5087,60899.162096,866936,,,,19566,60900,0,0
5087,60899.162096,866937,,,,19567,60900,0,0
5087,60899.162096,866938,,,,19566,60900,0,0
5087,60899.162096,866939,,,,19567,60900,0,0
5087,60899.162096,866940,,,,19566,60900,0,0
5087,60899.162096,866941,,,,19567,60900,0,0
5087,60899.162096,866947,,,,19566,60900,0,0
5087,60899.162095,866924,,,,19347,60900,0,0
5087,60899.162095,866925,,,,19347,60900,0,0
5087,60899.162099,866931,,,,20846,60900,0,0
5087,60899.162099,866932,,,,20845,60900,0,0
5087,60899.162099,866933,,,,20846,60900,0,0
5087,60899.162099,866943,,,,20846,60900,0,0
5087,60899.162099,866944,,,,20845,60900,0,0
5087,60899.162099,866945,,,,20846,60900,0,0
5087,60899.162099,866946,,,,20845,60900,0,0
5087,60899.162099,866948,,,,20846,60900,0,0