shape_id,shape_pt_lat,shape_pt_lon,shape_pt_sequence
1,36.05697,-79.40005,0
1,36.05674,-79.40003,1
1,36.05661,-79.40002,2
1,36.05635,-79.39999,3
1,36.05608,-79.39995,4
1,36.05594,-79.39993,5
1,36.05547,-79.39988,6
1,36.05502,-79.39983,7
1,36.05487,-79.39982,8
1,36.05479,-79.39981,9
1,36.05451,-79.39978,10
1,36.05423,-79.39976,11
1,36.05407,-79.39975,12
1,36.05391,-79.39973,13
1,36.05351,-79.39968,14
1,36.05333,-79.39966,15
1,36.05332,-79.39966,16
1,36.05297,-79.39961,17
1,36.05295,-79.39961,18
1,36.05279,-79.39958,19
1,36.05272,-79.39957,20
1,36.0527,-79.39956,21
1,36.05258,-79.39954,22
1,36.05233,-79.39948,23
1,36.05199,-79.39938,24
1,36.05161,-79.39923,25
1,36.05148,-79.39918,26
1,36.05127,-79.39908,27
1,36.05094,-79.39894,28
1,36.05058,-79.39877,29
1,36.05025,-79.39862,30
1,36.05008,-79.39854,31
1,36.04993,-79.39847,32
1,36.0498,-79.39841,33
1,36.04968,-79.39834,34
1,36.04959,-79.39829,35
1,36.04943,-79.39817,36
1,36.04918,-79.39794,37
1,36.04885,-79.39755,38
1,36.04875,-79.39744,39
1,36.04862,-79.39729,40
1,36.04852,-79.39717,41
1,36.0481,-79.39667,42
1,36.04798,-79.39653,43
1,36.04782,-79.39638,44
1,36.0477,-79.39628,45
1,36.04756,-79.39618,46
1,36.04746,-79.39612,47
1,36.04738,-79.39608,48
1,36.04735,-79.39606,49
1,36.04732,-79.39605,50
1,36.04719,-79.396,51
1,36.04709,-79.39596,52
1,36.04695,-79.39591,53
1,36.0466,-79.39584,54
1,36.04631,-79.39581,55
1,36.04625,-79.3958,56
1,36.04595,-79.39578,57
1,36.04505,-79.39575,58
1,36.04496,-79.39575,59
1,36.0445,-79.39573,60
1,36.04424,-79.39571,61
1,36.04406,-79.3957,62
1,36.04393,-79.39568,63
1,36.04383,-79.39566,64
1,36.04374,-79.39564,65
1,36.04363,-79.39562,66
1,36.04362,-79.39562,67
1,36.04351,-79.39559,68
1,36.04338,-79.39554,69
1,36.04319,-79.39546,70
1,36.04306,-79.39539,71
1,36.04269,-79.39518,72
1,36.04218,-79.39487,73
1,36.04216,-79.39487,74
1,36.04199,-79.39475,75
1,36.04168,-79.39453,76
1,36.04146,-79.39436,77
1,36.04144,-79.39434,78
1,36.04078,-79.39379,79
1,36.04064,-79.39367,80
1,36.04051,-79.39359,81
1,36.04045,-79.39355,82
1,36.04039,-79.39352,83
1,36.04031,-79.39349,84
1,36.04021,-79.39345,85
1,36.04009,-79.39341,86
1,36.03964,-79.3933,87
1,36.03929,-79.39321,88
1,36.03916,-79.39318,89
1,36.0389,-79.39311,90
1,36.03881,-79.39309,91
1,36.03861,-79.39304,92
1,36.03825,-79.39295,93
1,36.03757,-79.39278,94
1,36.03734,-79.39271,95
1,36.03717,-79.39267,96
1,36.03702,-79.39264,97
1,36.03697,-79.39263,98
1,36.0369,-79.39262,99
1,36.03684,-79.39261,100
1,36.03676,-79.3926,101
1,36.03666,-79.39259,102
1,36.03659,-79.39259,103
1,36.03651,-79.39259,104
1,36.03636,-79.3926,105
1,36.03613,-79.39264,106
1,36.03602,-79.39266,107
1,36.0358,-79.39272,108
1,36.03523,-79.39288,109
1,36.03499,-79.39294,110
1,36.03481,-79.39298,111
1,36.03469,-79.393,112
1,36.03459,-79.39301,113
1,36.03449,-79.39302,114
1,36.03444,-79.39302,115
1,36.0344,-79.39302,116
1,36.03438,-79.39302,117
1,36.03431,-79.39302,118
1,36.03426,-79.39302,119
1,36.03422,-79.39301,120
1,36.0342,-79.39301,121
1,36.03413,-79.393,122
1,36.03404,-79.39298,123
1,36.03395,-79.39296,124
1,36.03386,-79.39294,125
1,36.03377,-79.39291,126
1,36.03368,-79.39288,127
1,36.03359,-79.39284,128
1,36.03346,-79.39278,129
1,36.03329,-79.3927,130
1,36.03291,-79.3925,131
1,36.03276,-79.39244,132
1,36.03266,-79.39239,133
1,36.03256,-79.39236,134
1,36.03245,-79.39233,135
1,36.03239,-79.39232,136
1,36.03228,-79.39231,137
1,36.03213,-79.39232,138
1,36.03199,-79.39233,139
1,36.03148,-79.39244,140
1,36.03139,-79.39245,141
1,36.03132,-79.39247,142
1,36.0312,-79.39249,143
1,36.03097,-79.39254,144
1,36.03078,-79.39258,145
1,36.03042,-79.39266,146
1,36.03027,-79.3927,147
1,36.03005,-79.39275,148
1,36.02996,-79.39278,149
1,36.02957,-79.39291,150
1,36.02945,-79.39296,151
1,36.02938,-79.39299,152
1,36.02919,-79.39306,153
1,36.02854,-79.39335,154
1,36.02818,-79.39351,155
1,36.0279,-79.39363,156
1,36.0278,-79.39368,157
1,36.02772,-79.39371,158
1,36.02731,-79.39389,159
1,36.02707,-79.39398,160
1,36.02704,-79.39399,161
1,36.02691,-79.39404,162
1,36.02687,-79.39406,163
1,36.02678,-79.39409,164
1,36.02669,-79.39411,165
1,36.02666,-79.39412,166
1,36.02663,-79.39413,167
1,36.02654,-79.39415,168
1,36.02652,-79.39415,169
1,36.02647,-79.39416,170
1,36.02638,-79.39418,171
1,36.02625,-79.3942,172
1,36.02616,-79.3942,173
1,36.02609,-79.39421,174
1,36.02583,-79.39423,175
1,36.02574,-79.39423,176
1,36.02538,-79.39425,177
1,36.02529,-79.39426,178
1,36.02528,-79.39426,179
1,36.02526,-79.39426,180
1,36.02516,-79.39428,181
1,36.02508,-79.39429,182
1,36.02502,-79.3943,183
1,36.02497,-79.39431,184
1,36.02475,-79.39435,185
1,36.02473,-79.39436,186
1,36.0247,-79.39437,187
1,36.02468,-79.39437,188
1,36.02426,-79.39449,189
1,36.0242,-79.3945,190
1,36.02411,-79.39453,191
1,36.02404,-79.39455,192
1,36.02403,-79.39455,193
1,36.02391,-79.39459,194
1,36.02388,-79.3946,195
1,36.02385,-79.3946,196
1,36.02382,-79.39461,197
1,36.02368,-79.39466,198
1,36.02365,-79.39467,199
1,36.02349,-79.3947,200
1,36.02317,-79.39476,201
1,36.02293,-79.39478,202
1,36.02266,-79.3948,203
1,36.0225,-79.3948,204
1,36.02231,-79.39481,205
1,36.02222,-79.39481,206
1,36.02214,-79.3948,207
1,36.02204,-79.39479,208
1,36.02197,-79.39478,209
1,36.02188,-79.39477,210
1,36.02184,-79.39476,211
1,36.0218,-79.39475,212
1,36.02173,-79.39473,213
1,36.02166,-79.39471,214
1,36.02164,-79.3947,215
1,36.02158,-79.39467,216
1,36.02151,-79.39464,217
1,36.02144,-79.3946,218
1,36.02137,-79.39456,219
1,36.02129,-79.3945,220
1,36.0212,-79.39443,221
1,36.02108,-79.39434,222
1,36.02088,-79.39416,223
1,36.02071,-79.39402,224
1,36.02062,-79.39394,225
1,36.02011,-79.3935,226
1,36.01975,-79.39318,227
1,36.01944,-79.39291,228
1,36.01938,-79.39286,229
1,36.01929,-79.39278,230
1,36.01902,-79.39253,231
1,36.019,-79.39252,232
1,36.01833,-79.3919,233
1,36.01828,-79.39186,234
1,36.01813,-79.39173,235
1,36.018,-79.39163,236
1,36.01788,-79.39154,237
1,36.01778,-79.39149,238
1,36.01768,-79.39143,239
1,36.01759,-79.3914,240
1,36.01751,-79.39137,241
1,36.01742,-79.39135,242
1,36.01734,-79.39134,243
1,36.01723,-79.39133,244
1,36.01718,-79.39133,245
1,36.01712,-79.39133,246
1,36.01702,-79.39134,247
1,36.01685,-79.39135,248
1,36.01665,-79.39137,249
1,36.01565,-79.39149,250
1,36.01517,-79.39155,251
1,36.0143,-79.39167,252
1,36.01377,-79.39173,253
1,36.01343,-79.39178,254
1,36.01321,-79.3918,255
1,36.01279,-79.39185,256
1,36.01264,-79.39186,257
1,36.01231,-79.39189,258
1,36.01212,-79.3919,259
1,36.01169,-79.39194,260
1,36.01138,-79.39196,261
1,36.01111,-79.39199,262
1,36.01095,-79.392,263
1,36.01081,-79.392,264
1,36.01069,-79.39199,265
1,36.01058,-79.39198,266
1,36.01044,-79.39197,267
1,36.00997,-79.3919,268
1,36.00943,-79.39181,269
1,36.00888,-79.39173,270
1,36.00783,-79.39156,271
1,36.00761,-79.39154,272
1,36.00736,-79.39152,273
1,36.0072,-79.39152,274
1,36.00692,-79.39151,275
1,36.00666,-79.39153,276
1,36.00651,-79.39153,277
1,36.00633,-79.39152,278
1,36.00579,-79.39151,279
1,36.00565,-79.39151,280
1,36.00508,-79.39152,281
1,36.00465,-79.39151,282
1,36.00446,-79.3915,283
1,36.00411,-79.39149,284
1,36.00399,-79.39148,285
1,36.00363,-79.39145,286
1,36.00352,-79.39144,287
1,36.0034,-79.39143,288
1,36.00319,-79.39141,289
1,36.00309,-79.39141,290
1,36.00301,-79.39138,291
1,36.00292,-79.39138,292
1,36.0027,-79.39138,293
1,36.00261,-79.39138,294
1,36.00253,-79.39139,295
1,36.0024,-79.3914,296
1,36.00229,-79.39141,297
1,36.0019,-79.39146,298
1,36.00175,-79.39148,299
1,36.00159,-79.39151,300
1,36.00147,-79.39153,301
1,36.0014,-79.39155,302
1,36.00133,-79.39157,303
1,36.00124,-79.39159,304
1,36.00085,-79.3917,305
1,36.00042,-79.39183,306
1,35.99976,-79.39203,307
1,35.99954,-79.39209,308
1,35.99934,-79.39214,309
1,35.99921,-79.39216,310
1,35.99897,-79.3922,311
1,35.99869,-79.39224,312
1,35.99823,-79.39229,313
1,35.99747,-79.3924,314
1,35.99708,-79.39245,315
1,35.99637,-79.39255,316
1,35.99591,-79.39261,317
1,35.99502,-79.39273,318
1,35.99448,-79.39281,319
1,35.99442,-79.39281,320
1,35.99431,-79.39283,321
1,35.99377,-79.3929,322
1,35.9929,-79.39302,323
1,35.99277,-79.39304,324
1,35.99213,-79.39312,325
1,35.9919,-79.39314,326
1,35.99177,-79.39314,327
1,35.99172,-79.39314,328
1,35.99169,-79.39313,329
1,35.99163,-79.39312,330
1,35.99157,-79.39311,331
1,35.99151,-79.3931,332
1,35.99147,-79.39309,333
1,35.99139,-79.39306,334
1,35.99131,-79.39303,335
1,35.99117,-79.39297,336
1,35.99104,-79.3929,337
1,35.99092,-79.39283,338
1,35.99087,-79.39279,339
1,35.99076,-79.3927,340
1,35.9907,-79.39264,341
1,35.99046,-79.39243,342
1,35.99034,-79.39232,343
1,35.99018,-79.39219,344
1,35.98998,-79.39202,345
1,35.98983,-79.39189,346
1,35.98944,-79.39152,347
1,35.98915,-79.39125,348
1,35.98895,-79.39108,349
1,35.98852,-79.39069,350
1,35.98808,-79.39029,351
1,35.98792,-79.39015,352
1,35.98764,-79.3899,353
1,35.98714,-79.38944,354
1,35.98699,-79.38931,355
1,35.98685,-79.38918,356
1,35.98663,-79.38899,357
1,35.98597,-79.3884,358
1,35.98501,-79.38753,359
1,35.98428,-79.38687,360
1,35.984,-79.38662,361
1,35.9837,-79.38636,362
1,35.98365,-79.38631,363
1,35.98357,-79.38624,364
1,35.98342,-79.3861,365
1,35.98337,-79.38606,366
1,35.98336,-79.38605,367
1,35.98326,-79.38597,368
1,35.98306,-79.38579,369
1,35.98297,-79.38571,370
1,35.98296,-79.38569,371
1,35.98277,-79.38553,372
1,35.98253,-79.38531,373
1,35.98224,-79.38505,374
1,35.98218,-79.385,375
1,35.98209,-79.38493,376
1,35.98202,-79.38487,377
1,35.98192,-79.3848,378
1,35.9818,-79.38471,379
1,35.98175,-79.38466,380
1,35.98162,-79.38457,381
1,35.98142,-79.38443,382
1,35.98126,-79.38434,383
1,35.98088,-79.3841,384
1,35.98072,-79.38401,385
1,35.98054,-79.3839,386
1,35.97986,-79.3835,387
1,35.97948,-79.38327,388
1,35.97909,-79.38304,389
1,35.97856,-79.38273,390
1,35.97794,-79.38236,391
1,35.97743,-79.38205,392
1,35.97694,-79.38176,393
1,35.97678,-79.38166,394
1,35.97662,-79.38156,395
1,35.97644,-79.38148,396
1,35.97599,-79.38122,397
1,35.97543,-79.38088,398
1,35.97535,-79.38083,399
1,35.97514,-79.3807,400
1,35.97506,-79.38065,401
1,35.97462,-79.3804,402
1,35.97419,-79.38014,403
1,35.97364,-79.37981,404
1,35.97359,-79.37977,405
1,35.97355,-79.37975,406
1,35.97351,-79.3797,407
1,35.97319,-79.37951,408
1,35.97222,-79.37893,409
1,35.97195,-79.37877,410
1,35.97151,-79.37854,411
1,35.97109,-79.37833,412
1,35.97086,-79.37822,413
1,35.97045,-79.37803,414
1,35.96983,-79.37774,415
1,35.96957,-79.37762,416
1,35.96882,-79.37726,417
1,35.96812,-79.37693,418
1,35.96796,-79.37686,419
1,35.96729,-79.37654,420
1,35.96712,-79.37647,421
1,35.96704,-79.37643,422
1,35.9665,-79.37617,423
1,35.96647,-79.37616,424
1,35.96598,-79.37593,425
1,35.96521,-79.37557,426
1,35.96454,-79.37525,427
1,35.96403,-79.37501,428
1,35.96401,-79.375,429
1,35.96396,-79.37498,430
1,35.96381,-79.37491,431
1,35.9637,-79.37486,432
1,35.96363,-79.37482,433
1,35.96353,-79.37478,434
1,35.96344,-79.37473,435
1,35.96253,-79.37431,436
1,35.96228,-79.37418,437
1,35.96215,-79.37412,438
1,35.96212,-79.37411,439
1,35.96199,-79.37405,440
1,35.96177,-79.37392,441
1,35.96162,-79.37384,442
1,35.9615,-79.37377,443
1,35.96128,-79.37362,444
1,35.96104,-79.37343,445
1,35.96093,-79.37334,446
1,35.9607,-79.37313,447
1,35.96062,-79.37305,448
1,35.9605,-79.37292,449
1,35.96044,-79.37286,450
1,35.96032,-79.37272,451
1,35.96023,-79.37261,452
1,35.96006,-79.37239,453
1,35.95984,-79.37206,454
1,35.95978,-79.37198,455
1,35.95974,-79.37192,456
1,35.95954,-79.3716,457
1,35.9595,-79.37153,458
1,35.95913,-79.37094,459
1,35.95883,-79.37046,460
1,35.9585,-79.36993,461
1,35.95828,-79.36956,462
1,35.9581,-79.36929,463
1,35.95778,-79.36876,464
1,35.95745,-79.36824,465
1,35.95734,-79.36806,466
1,35.95684,-79.36726,467
1,35.95614,-79.36612,468
1,35.95565,-79.36534,469
1,35.95559,-79.36524,470
1,35.95548,-79.36507,471
1,35.95526,-79.36471,472
1,35.95515,-79.36454,473
1,35.95493,-79.36418,474
1,35.95455,-79.36357,475
1,35.95416,-79.36294,476
1,35.95392,-79.36256,477
1,35.95367,-79.36216,478
1,35.95345,-79.3618,479
1,35.95317,-79.36135,480
1,35.95302,-79.36112,481
1,35.95285,-79.36084,482
1,35.95258,-79.36041,483
1,35.95235,-79.36003,484
1,35.95202,-79.3595,485
1,35.95193,-79.35936,486
1,35.95182,-79.35918,487
1,35.95149,-79.35865,488
1,35.95132,-79.35837,489
1,35.95107,-79.35797,490
1,35.95093,-79.35775,491
1,35.95069,-79.35735,492
1,35.95009,-79.35638,493
1,35.95003,-79.35628,494
1,35.94998,-79.3562,495
1,35.9497,-79.35576,496
1,35.94955,-79.35552,497
1,35.94926,-79.35506,498
1,35.94906,-79.35473,499
1,35.94904,-79.3547,500
1,35.94893,-79.35453,501
1,35.94893,-79.35452,502
1,35.94882,-79.35435,503
1,35.94868,-79.35412,504
1,35.94847,-79.35379,505
1,35.94826,-79.35346,506
1,35.94808,-79.35315,507
1,35.94806,-79.35312,508
1,35.94795,-79.35294,509
1,35.94787,-79.35282,510
1,35.94784,-79.35277,511
1,35.9477,-79.35255,512
1,35.94762,-79.35242,513
1,35.94757,-79.35234,514
1,35.94733,-79.35195,515
1,35.94729,-79.35189,516
1,35.9472,-79.35174,517
1,35.94685,-79.35119,518
1,35.94666,-79.35088,519
1,35.94652,-79.35065,520
1,35.94647,-79.35058,521
1,35.9463,-79.3503,522
1,35.94619,-79.35013,523
1,35.94608,-79.34995,524
1,35.94594,-79.34972,525
1,35.94568,-79.34929,526
1,35.94542,-79.34887,527
1,35.94521,-79.34853,528
1,35.94515,-79.34844,529
1,35.94499,-79.34818,530
1,35.94488,-79.34801,531
1,35.94477,-79.34783,532
1,35.94466,-79.34765,533
1,35.94443,-79.34728,534
1,35.94412,-79.34677,535
1,35.94411,-79.34676,536
1,35.9439,-79.34642,537
1,35.94384,-79.34633,538
1,35.94379,-79.34624,539
1,35.94338,-79.34557,540
1,35.9432,-79.34528,541
1,35.94313,-79.34518,542
1,35.94306,-79.34507,543
1,35.94294,-79.34488,544
1,35.94283,-79.34471,545
1,35.94258,-79.34432,546
1,35.94239,-79.34401,547
1,35.94216,-79.34364,548
1,35.94174,-79.34295,549
1,35.94173,-79.34294,550
1,35.94162,-79.34277,551
1,35.94156,-79.34267,552
1,35.9413,-79.34224,553
1,35.9411,-79.34192,554
1,35.9409,-79.3416,555
1,35.94088,-79.34156,556
1,35.94079,-79.34142,557
1,35.94046,-79.34089,558
1,35.94039,-79.34077,559
1,35.94035,-79.34071,560
1,35.94025,-79.34054,561
1,35.94003,-79.34018,562
1,35.93994,-79.34005,563
1,35.93959,-79.33948,564
1,35.93938,-79.33914,565
1,35.9392,-79.33885,566
1,35.93901,-79.33854,567
1,35.93878,-79.33818,568
1,35.93878,-79.33817,569
1,35.93854,-79.33779,570
1,35.93845,-79.33765,571
1,35.93835,-79.33749,572
1,35.93816,-79.33717,573
1,35.93812,-79.33712,574
1,35.93801,-79.33695,575
1,35.93795,-79.33685,576
1,35.93765,-79.33636,577
1,35.93738,-79.33593,578
1,35.93719,-79.33562,579
1,35.93704,-79.33539,580
1,35.93703,-79.33536,581
1,35.93692,-79.33519,582
1,35.93681,-79.33501,583
1,35.93659,-79.33466,584
1,35.93653,-79.33457,585
1,35.93637,-79.3343,586
1,35.93626,-79.33413,587
1,35.9362,-79.33404,588
1,35.93615,-79.33395,589
1,35.93572,-79.33324,590
1,35.93557,-79.33304,591
1,35.93547,-79.33288,592
1,35.93533,-79.33268,593
1,35.93523,-79.33253,594
1,35.93485,-79.33201,595
1,35.93467,-79.33179,596
1,35.93447,-79.33153,597
1,35.93418,-79.33119,598
1,35.93402,-79.33101,599
1,35.93362,-79.33057,600
1,35.93357,-79.33052,601
1,35.93348,-79.33043,602
1,35.93335,-79.33028,603
1,35.93321,-79.33013,604
1,35.9332,-79.33012,605
1,35.93308,-79.32999,606
1,35.93294,-79.32984,607
1,35.9328,-79.3297,608
1,35.93239,-79.32925,609
1,35.93198,-79.32881,610
1,35.93185,-79.32868,611
1,35.93172,-79.32853,612
1,35.93165,-79.32846,613
1,35.93158,-79.32839,614
1,35.93145,-79.32824,615
1,35.93133,-79.32811,616
1,35.93131,-79.3281,617
1,35.93117,-79.32795,618
1,35.93104,-79.32781,619
1,35.93099,-79.32775,620
1,35.93095,-79.32772,621
1,35.9309,-79.32766,622
1,35.93077,-79.32752,623
1,35.93068,-79.32743,624
1,35.93024,-79.32695,625
1,35.92982,-79.3265,626
1,35.92971,-79.32639,627
1,35.92968,-79.32635,628
1,35.92954,-79.3262,629
1,35.92941,-79.32606,630
1,35.92939,-79.32604,631
1,35.92927,-79.32591,632
1,35.92906,-79.32568,633
1,35.929,-79.32562,634
1,35.92887,-79.32548,635
1,35.92837,-79.32495,636
1,35.92818,-79.32474,637
1,35.92799,-79.32454,638
1,35.92779,-79.32433,639
1,35.92778,-79.32431,640
1,35.92762,-79.32415,641
1,35.92741,-79.32392,642
1,35.92737,-79.32388,643
1,35.92723,-79.32373,644
1,35.9272,-79.3237,645
1,35.927,-79.32349,646
1,35.92696,-79.32344,647
1,35.92683,-79.3233,648
1,35.92677,-79.32324,649
1,35.92669,-79.32315,650
1,35.92655,-79.323,651
1,35.92645,-79.3229,652
1,35.92642,-79.32286,653
1,35.92628,-79.32271,654
1,35.92615,-79.32257,655
1,35.9254,-79.32176,656
1,35.92486,-79.32118,657
1,35.92455,-79.32085,658
1,35.92422,-79.3205,659
1,35.92411,-79.32038,660
1,35.92401,-79.32027,661
1,35.92369,-79.31993,662
1,35.92332,-79.31953,663
1,35.92305,-79.31924,664
1,35.92275,-79.31892,665
1,35.92218,-79.31831,666
1,35.92184,-79.31795,667
1,35.92101,-79.31707,668
1,35.92076,-79.3168,669
1,35.92047,-79.31648,670
1,35.9202,-79.31619,671
1,35.91993,-79.3159,672
1,35.91978,-79.31574,673
1,35.91957,-79.31551,674
1,35.91922,-79.31514,675
1,35.91903,-79.31493,676
1,35.91889,-79.31478,677
1,35.91879,-79.31467,678
1,35.91862,-79.31449,679
1,35.91844,-79.3143,680
1,35.91835,-79.3142,681
1,35.9178,-79.31361,682
1,35.91767,-79.31347,683
1,35.91756,-79.31334,684
1,35.91726,-79.31304,685
1,35.91711,-79.3129,686
1,35.91699,-79.31279,687
1,35.91693,-79.31274,688
1,35.91685,-79.31267,689
1,35.91676,-79.3126,690
1,35.91668,-79.31253,691
1,35.91658,-79.31246,692
1,35.91652,-79.31243,693
1,35.91638,-79.31234,694
1,35.91629,-79.31228,695
1,35.91605,-79.31216,696
1,35.91589,-79.31207,697
1,35.91588,-79.31206,698
1,35.91572,-79.31198,699
1,35.91518,-79.3117,700
1,35.91476,-79.31149,701
1,35.91459,-79.3114,702
1,35.91442,-79.31132,703
1,35.91382,-79.31101,704
1,35.91376,-79.31098,705
1,35.91359,-79.31089,706
1,35.91343,-79.31081,707
1,35.91326,-79.31072,708
1,35.9131,-79.31064,709
1,35.91297,-79.31057,710
1,35.91268,-79.31042,711
1,35.91233,-79.31025,712
1,35.91226,-79.31021,713
1,35.91198,-79.31006,714
1,35.9116,-79.30986,715
1,35.91084,-79.30948,716
1,35.91005,-79.30906,717
1,35.90958,-79.30883,718
1,35.90944,-79.30876,719
1,35.90928,-79.30867,720
1,35.90911,-79.30858,721
1,35.90892,-79.30849,722
1,35.90828,-79.30816,723
1,35.90785,-79.30793,724
1,35.90768,-79.30784,725
1,35.90746,-79.30772,726
1,35.90742,-79.3077,727
1,35.90721,-79.3076,728
1,35.90718,-79.30758,729
1,35.90678,-79.30738,730
1,35.90692,-79.30686,731
1,35.907,-79.30655,732
1,35.90712,-79.30605,733
1,35.90724,-79.30554,734
1,35.90727,-79.30532,735
1,35.90729,-79.30519,736
1,35.9073,-79.3051,737
1,35.90731,-79.30497,738
1,35.90731,-79.30488,739
1,35.90732,-79.3047,740
1,35.90732,-79.30446,741
1,35.90729,-79.30426,742
1,35.90723,-79.30396,743
1,35.90714,-79.30363,744
1,35.907,-79.30312,745
1,35.90678,-79.30234,746
1,35.90677,-79.30228,747
1,35.90673,-79.30214,748
1,35.90665,-79.30187,749
1,35.90649,-79.30134,750
1,35.9064,-79.30101,751
1,35.90634,-79.3008,752
1,35.90628,-79.30059,753
1,35.90624,-79.30041,754
1,35.90628,-79.30059,755
1,35.90634,-79.3008,756
1,35.9064,-79.30101,757
1,35.90649,-79.30134,758
1,35.90665,-79.30187,759
1,35.90673,-79.30214,760
1,35.90677,-79.30228,761
1,35.90678,-79.30234,762
1,35.907,-79.30312,763
1,35.90714,-79.30363,764
1,35.90723,-79.30396,765
1,35.90729,-79.30426,766
1,35.90732,-79.30446,767
1,35.90742,-79.30445,768
1,35.9076,-79.30445,769
1,35.90786,-79.30447,770
1,35.90796,-79.30447,771
1,35.90814,-79.30447,772
1,35.90825,-79.30447,773
1,35.90832,-79.30447,774
1,35.90868,-79.30448,775
1,35.90904,-79.30449,776
1,35.90973,-79.30451,777
1,35.90976,-79.30451,778
1,35.90994,-79.30452,779
1,35.91017,-79.30455,780
1,35.91066,-79.30466,781
1,35.91078,-79.30469,782
1,35.91099,-79.30477,783
1,35.91122,-79.30487,784
1,35.91151,-79.30502,785
1,35.91161,-79.30507,786
1,35.91202,-79.30525,787
1,35.91235,-79.30539,788
1,35.91236,-79.3054,789
1,35.91269,-79.30554,790
1,35.91302,-79.3057,791
1,35.91321,-79.30578,792
1,35.91336,-79.30585,793
1,35.91337,-79.30586,794
1,35.91354,-79.30593,795
1,35.91374,-79.30601,796
1,35.91404,-79.30614,797
1,35.91405,-79.30615,798
1,35.91421,-79.30622,799
1,35.91422,-79.30622,800
1,35.91438,-79.30629,801
1,35.91439,-79.3063,802
1,35.91455,-79.30637,803
1,35.91456,-79.30637,804
1,35.91472,-79.30644,805
1,35.91473,-79.30645,806
1,35.91475,-79.30646,807
1,35.91489,-79.30651,808
1,35.9149,-79.30651,809
1,35.91517,-79.30662,810
1,35.91522,-79.30663,811
1,35.9153,-79.30664,812
1,35.91561,-79.30667,813
1,35.91571,-79.30667,814
1,35.91582,-79.30668,815
1,35.91607,-79.30671,816
1,35.91665,-79.30678,817
1,35.91718,-79.30686,818
1,35.91775,-79.30694,819
1,35.9181,-79.30699,820
1,35.91815,-79.307,821
1,35.91851,-79.30705,822
1,35.91863,-79.30707,823
1,35.91879,-79.3071,824
1,35.91881,-79.3071,825
1,35.91895,-79.30713,826
1,35.91915,-79.30717,827
1,35.91952,-79.30724,828
1,35.91984,-79.30731,829
1,35.92001,-79.30735,830
1,35.92005,-79.30735,831
1,35.92019,-79.30738,832
1,35.92072,-79.30749,833
1,35.92083,-79.30751,834
1,35.9209,-79.30752,835
1,35.92094,-79.30753,836
1,35.92179,-79.30771,837
1,35.92196,-79.30775,838
1,35.92214,-79.3078,839
1,35.92218,-79.30781,840
1,35.92227,-79.30783,841
1,35.92248,-79.30791,842
1,35.92251,-79.30792,843
1,35.92281,-79.30806,844
1,35.9232,-79.30826,845
1,35.92353,-79.30843,846
1,35.92369,-79.30851,847
1,35.9238,-79.30857,848
1,35.92382,-79.30858,849
1,35.9253,-79.30933,850
1,35.92552,-79.30944,851
1,35.92571,-79.30954,852
1,35.92625,-79.30981,853
1,35.92672,-79.31004,854
1,35.92704,-79.31021,855
1,35.9272,-79.31029,856
1,35.92722,-79.3103,857
1,35.92748,-79.31047,858
1,35.92752,-79.3105,859
1,35.92773,-79.31066,860
1,35.92804,-79.31099,861
1,35.92837,-79.31138,862
1,35.92866,-79.31171,863
1,35.92896,-79.31207,864
1,35.92903,-79.31215,865
1,35.92917,-79.31231,866
1,35.92922,-79.31237,867
1,35.92936,-79.31253,868
1,35.92937,-79.31254,869
1,35.92943,-79.31262,870
1,35.9301,-79.31341,871
1,35.93013,-79.31345,872
1,35.93019,-79.31352,873
1,35.93079,-79.31421,874
1,35.93083,-79.31427,875
1,35.93084,-79.31428,876
1,35.93092,-79.31437,877
1,35.93097,-79.31443,878
1,35.93104,-79.31452,879
1,35.9311,-79.31459,880
1,35.93113,-79.31462,881
1,35.93119,-79.3147,882
1,35.93145,-79.31504,883
1,35.93166,-79.31533,884
1,35.93172,-79.3154,885
1,35.93178,-79.31549,886
1,35.93192,-79.31568,887
1,35.93204,-79.31585,888
1,35.9323,-79.31622,889
1,35.93255,-79.31656,890
1,35.93262,-79.31666,891
1,35.93266,-79.31671,892
1,35.93274,-79.31682,893
1,35.93286,-79.31698,894
1,35.93289,-79.31701,895
1,35.93302,-79.31719,896
1,35.93316,-79.31737,897
1,35.9335,-79.31773,898
1,35.93351,-79.31775,899
1,35.93352,-79.31775,900
1,35.93365,-79.3179,901
1,35.93391,-79.3182,902
1,35.93418,-79.31849,903
1,35.93432,-79.31864,904
1,35.93472,-79.31908,905
1,35.93477,-79.31914,906
1,35.93485,-79.31923,907
1,35.93528,-79.31972,908
1,35.93553,-79.31997,909
1,35.93561,-79.32005,910
1,35.93573,-79.32015,911
1,35.93583,-79.32023,912
1,35.936,-79.32035,913
1,35.93615,-79.32043,914
1,35.93616,-79.32044,915
1,35.9363,-79.32051,916
1,35.93642,-79.32056,917
1,35.93648,-79.32059,918
1,35.93665,-79.32065,919
1,35.93727,-79.32083,920
1,35.93744,-79.32089,921
1,35.93794,-79.32103,922
1,35.93814,-79.32109,923
1,35.93833,-79.32114,924
1,35.93849,-79.32119,925
1,35.93867,-79.32124,926
1,35.93903,-79.32135,927
1,35.93919,-79.32141,928
1,35.93936,-79.32146,929
1,35.93956,-79.32153,930
1,35.93984,-79.32161,931
1,35.93991,-79.32164,932
1,35.94008,-79.3217,933
1,35.94014,-79.32172,934
1,35.94026,-79.32175,935
1,35.94032,-79.32178,936
1,35.94054,-79.32187,937
1,35.9406,-79.3219,938
1,35.94071,-79.32196,939
1,35.94076,-79.32199,940
1,35.94081,-79.32203,941
1,35.94085,-79.32205,942
1,35.94091,-79.3221,943
1,35.94098,-79.32215,944
1,35.94106,-79.32223,945
1,35.94113,-79.32229,946
1,35.94126,-79.32243,947
1,35.94127,-79.32244,948
1,35.9414,-79.32262,949
1,35.94145,-79.32269,950
1,35.94146,-79.3227,951
1,35.94157,-79.32285,952
1,35.94158,-79.32286,953
1,35.94159,-79.32288,954
1,35.94161,-79.32291,955
1,35.94182,-79.3232,956
1,35.94185,-79.32324,957
1,35.94186,-79.32325,958
1,35.94196,-79.32342,959
1,35.94224,-79.32325,960
1,35.94256,-79.32308,961
1,35.94261,-79.32305,962
1,35.94277,-79.32296,963
1,35.9428,-79.32295,964
1,35.94293,-79.32286,965
1,35.94294,-79.32286,966
1,35.94321,-79.32268,967
1,35.94337,-79.32254,968
1,35.94358,-79.32238,969
1,35.94375,-79.32228,970
1,35.94388,-79.32221,971
1,35.94398,-79.32217,972
1,35.94406,-79.32214,973
1,35.9442,-79.3221,974
1,35.94445,-79.32206,975
1,35.94448,-79.32205,976
1,35.94486,-79.32201,977
1,35.94504,-79.32199,978
1,35.94539,-79.32195,979
1,35.94559,-79.32192,980
1,35.94567,-79.32192,981
1,35.94583,-79.3219,982
1,35.94617,-79.32186,983
1,35.94635,-79.32184,984
1,35.94653,-79.32182,985
1,35.94689,-79.32177,986
1,35.94698,-79.32176,987
1,35.94705,-79.32173,988
1,35.9471,-79.32171,989
1,35.94711,-79.3217,990
1,35.94712,-79.3217,991
1,35.94727,-79.3216,992
1,35.9474,-79.32179,993
1,35.94752,-79.32196,994
1,35.94774,-79.32224,995
1,35.94777,-79.32228,996
1,35.9479,-79.32243,997
1,35.94794,-79.32248,998
1,35.94801,-79.32255,999
1,35.94811,-79.32264,1000
1,35.94818,-79.32268,1001
1,35.94826,-79.32272,1002
1,35.94833,-79.32274,1003
1,35.94841,-79.32275,1004
1,35.94849,-79.32272,1005
1,35.94856,-79.32268,1006
1,35.94857,-79.32266,1007
1,35.94869,-79.32256,1008
1,35.94872,-79.32253,1009
1,35.94906,-79.32219,1010
1,35.94927,-79.32196,1011
1,35.94933,-79.3219,1012
1,35.94952,-79.32171,1013
1,35.94964,-79.3216,1014
1,35.9498,-79.32148,1015
1,35.94982,-79.32147,1016
1,35.94997,-79.32138,1017
1,35.94999,-79.32137,1018
1,35.95001,-79.32136,1019
1,35.95011,-79.32132,1020
1,35.95016,-79.3213,1021
1,35.95027,-79.32127,1022
1,35.95042,-79.32123,1023
1,35.95051,-79.32123,1024
1,35.95058,-79.32122,1025
1,35.95072,-79.32122,1026
1,35.95084,-79.32124,1027
1,35.95087,-79.32124,1028
1,35.95098,-79.32127,1029
1,35.95111,-79.32131,1030
1,35.95122,-79.32135,1031
1,35.95135,-79.32141,1032
1,35.95168,-79.32155,1033
1,35.95182,-79.32161,1034
1,35.95191,-79.32165,1035
1,35.95194,-79.32166,1036
1,35.95245,-79.32189,1037
1,35.95252,-79.32191,1038
1,35.95261,-79.32196,1039
1,35.95267,-79.32198,1040
1,35.95296,-79.3221,1041
1,35.95303,-79.32213,1042
1,35.95313,-79.32217,1043
1,35.95318,-79.32219,1044
1,35.95347,-79.32231,1045
1,35.95349,-79.32232,1046
1,35.95352,-79.32233,1047
1,35.95364,-79.32239,1048
1,35.95368,-79.32241,1049
1,35.95369,-79.32241,1050
1,35.95403,-79.32263,1051
1,35.95418,-79.32272,1052
1,35.95451,-79.32293,1053
1,35.95517,-79.32336,1054
1,35.95531,-79.32345,1055
1,35.95547,-79.32356,1056
1,35.95563,-79.32363,1057
1,35.95579,-79.32369,1058
1,35.95596,-79.32374,1059
1,35.95598,-79.32374,1060
1,35.95604,-79.32375,1061
1,35.95615,-79.32376,1062
1,35.95637,-79.32376,1063
1,35.95651,-79.32376,1064
1,35.9568,-79.3237,1065
1,35.95688,-79.32368,1066
1,35.9569,-79.32367,1067
1,35.95747,-79.3235,1068
1,35.9576,-79.32346,1069
1,35.95775,-79.32342,1070
1,35.95792,-79.32336,1071
1,35.95798,-79.32335,1072
1,35.95828,-79.32326,1073
1,35.95873,-79.32312,1074
1,35.95912,-79.323,1075
1,35.9593,-79.32295,1076
1,35.95946,-79.32291,1077
1,35.95947,-79.3229,1078
1,35.95965,-79.32285,1079
1,35.96052,-79.32261,1080
1,35.96082,-79.32253,1081
1,35.96085,-79.32252,1082
1,35.96155,-79.32235,1083
1,35.96187,-79.32228,1084
1,35.96219,-79.32222,1085
1,35.96261,-79.32212,1086
1,35.96272,-79.3221,1087
1,35.96288,-79.32205,1088
1,35.96289,-79.32205,1089
1,35.96307,-79.32202,1090
1,35.96333,-79.32196,1091
1,35.96343,-79.32194,1092
1,35.96361,-79.32191,1093
1,35.96377,-79.32189,1094
1,35.96398,-79.32186,1095
1,35.96414,-79.32185,1096
1,35.96419,-79.32185,1097
1,35.96443,-79.32184,1098
1,35.96475,-79.32184,1099
1,35.9649,-79.32185,1100
1,35.96502,-79.32186,1101
1,35.96527,-79.32188,1102
1,35.96581,-79.32191,1103
1,35.96613,-79.32191,1104
1,35.96643,-79.32193,1105
1,35.96667,-79.32194,1106
1,35.96685,-79.32195,1107
1,35.96697,-79.32195,1108
1,35.96721,-79.32196,1109
1,35.96743,-79.32197,1110
1,35.96757,-79.32198,1111
1,35.96768,-79.32199,1112
1,35.96775,-79.32199,1113
1,35.96783,-79.32199,1114
1,35.96786,-79.322,1115
1,35.96787,-79.322,1116
1,35.96811,-79.32202,1117
1,35.96813,-79.32202,1118
1,35.96868,-79.32208,1119
1,35.96907,-79.32215,1120
1,35.96911,-79.32215,1121
1,35.96918,-79.32217,1122
1,35.96929,-79.32219,1123
1,35.96936,-79.3222,1124
1,35.96965,-79.32226,1125
1,35.96984,-79.32229,1126
1,35.97019,-79.32236,1127
1,35.97055,-79.32243,1128
1,35.97062,-79.32245,1129
1,35.97098,-79.32251,1130
1,35.97127,-79.32257,1131
1,35.97149,-79.32261,1132
1,35.97209,-79.32272,1133
1,35.9722,-79.32275,1134
1,35.97238,-79.3228,1135
1,35.97291,-79.32293,1136
1,35.97304,-79.32301,1137
1,35.9732,-79.32308,1138
1,35.97339,-79.32318,1139
1,35.97369,-79.32337,1140
1,35.97375,-79.32342,1141
1,35.97391,-79.32352,1142
1,35.97401,-79.32359,1143
1,35.97422,-79.32375,1144
1,35.97455,-79.324,1145
1,35.97476,-79.32416,1146
1,35.97496,-79.3243,1147
1,35.97522,-79.32447,1148
1,35.97574,-79.32483,1149
1,35.97599,-79.32499,1150
1,35.97602,-79.32501,1151
1,35.97618,-79.32511,1152
1,35.97628,-79.32517,1153
1,35.97651,-79.3253,1154
1,35.97655,-79.32533,1155
1,35.97667,-79.3254,1156
1,35.97679,-79.32547,1157
1,35.97683,-79.32549,1158
1,35.97696,-79.32556,1159
1,35.977,-79.32558,1160
1,35.97711,-79.32563,1161
1,35.97716,-79.32566,1162
1,35.97734,-79.32573,1163
1,35.9775,-79.32579,1164
1,35.97764,-79.32585,1165
1,35.97768,-79.32586,1166
1,35.97785,-79.32591,1167
1,35.97804,-79.32597,1168
1,35.97848,-79.3261,1169
1,35.9785,-79.32611,1170
1,35.97855,-79.32613,1171
1,35.97856,-79.32613,1172
1,35.97871,-79.32618,1173
1,35.97884,-79.32622,1174
1,35.97887,-79.32623,1175
1,35.9789,-79.32624,1176
1,35.97912,-79.32631,1177
1,35.97935,-79.32639,1178
1,35.97952,-79.32645,1179
1,35.97956,-79.32647,1180
1,35.97959,-79.32648,1181
1,35.97971,-79.32653,1182
1,35.97974,-79.32655,1183
1,35.97987,-79.3266,1184
1,35.97993,-79.32663,1185
1,35.97996,-79.32664,1186
1,35.98005,-79.32668,1187
1,35.98007,-79.32669,1188
1,35.98022,-79.32675,1189
1,35.98031,-79.32679,1190
1,35.98039,-79.32683,1191
1,35.98055,-79.32691,1192
1,35.98058,-79.32692,1193
1,35.98061,-79.32693,1194
1,35.98069,-79.32697,1195
1,35.98072,-79.32699,1196
1,35.98085,-79.32706,1197
1,35.98091,-79.3271,1198
1,35.98093,-79.32712,1199
1,35.98104,-79.32719,1200
1,35.98109,-79.32722,1201
1,35.98137,-79.32743,1202
1,35.98166,-79.32765,1203
1,35.98208,-79.32796,1204
1,35.98212,-79.32799,1205
1,35.98214,-79.32801,1206
1,35.98217,-79.32803,1207
1,35.98225,-79.3281,1208
1,35.98227,-79.32811,1209
1,35.98249,-79.32827,1210
1,35.98274,-79.32842,1211
1,35.98298,-79.32858,1212
1,35.98339,-79.32879,1213
1,35.98367,-79.32889,1214
1,35.98375,-79.32892,1215
1,35.98394,-79.329,1216
1,35.98397,-79.32901,1217
1,35.98399,-79.32902,1218
1,35.98426,-79.32911,1219
1,35.98432,-79.32913,1220
1,35.98444,-79.32917,1221
1,35.98448,-79.32918,1222
1,35.98449,-79.32918,1223
1,35.98478,-79.32926,1224
1,35.98479,-79.32926,1225
1,35.98495,-79.3293,1226
1,35.98532,-79.3294,1227
1,35.98555,-79.32946,1228
1,35.98558,-79.32947,1229
1,35.98566,-79.32949,1230
1,35.98567,-79.32949,1231
1,35.98572,-79.32951,1232
1,35.98585,-79.32954,1233
1,35.98601,-79.32957,1234
1,35.98672,-79.3297,1235
1,35.98725,-79.32979,1236
1,35.98788,-79.32989,1237
1,35.98796,-79.3299,1238
1,35.98844,-79.32998,1239
1,35.98854,-79.33,1240
1,35.98893,-79.33008,1241
1,35.98894,-79.33008,1242
1,35.98911,-79.33012,1243
1,35.98923,-79.33015,1244
1,35.98929,-79.33016,1245
1,35.98968,-79.33026,1246
1,35.98978,-79.33029,1247
1,35.98999,-79.33034,1248
1,35.99047,-79.33047,1249
1,35.99052,-79.33048,1250
1,35.99094,-79.3306,1251
1,35.99147,-79.33074,1252
1,35.99185,-79.33084,1253
1,35.99196,-79.33087,1254
1,35.99215,-79.33091,1255
1,35.9925,-79.331,1256
1,35.99282,-79.33108,1257
1,35.99303,-79.33114,1258
1,35.99329,-79.33122,1259
1,35.99338,-79.33125,1260
1,35.99351,-79.3313,1261
1,35.99355,-79.33131,1262
1,35.99374,-79.3314,1263
1,35.99396,-79.33152,1264
1,35.99406,-79.33158,1265
1,35.99427,-79.33172,1266
1,35.99459,-79.33196,1267
1,35.99488,-79.33222,1268
1,35.99498,-79.33231,1269
1,35.99516,-79.33249,1270
1,35.9952,-79.33253,1271
1,35.99534,-79.3327,1272
1,35.9955,-79.33294,1273
1,35.99558,-79.33307,1274
1,35.99563,-79.33317,1275
1,35.99572,-79.33335,1276
1,35.99581,-79.33358,1277
1,35.99588,-79.33381,1278
1,35.99589,-79.33383,1279
1,35.99595,-79.33405,1280
1,35.99599,-79.33426,1281
1,35.99599,-79.33427,1282
1,35.99602,-79.33448,1283
1,35.99605,-79.3347,1284
1,35.99604,-79.33485,1285
1,35.99604,-79.33533,1286
1,35.99602,-79.33603,1287
1,35.99602,-79.33625,1288
1,35.99601,-79.33648,1289
1,35.996,-79.33687,1290
1,35.99599,-79.33714,1291
1,35.99599,-79.33736,1292
1,35.99599,-79.33741,1293
1,35.996,-79.33759,1294
1,35.99601,-79.33764,1295
1,35.99602,-79.33781,1296
1,35.99603,-79.33788,1297
1,35.99607,-79.33814,1298
1,35.99614,-79.33838,1299
1,35.99616,-79.33845,1300
1,35.99619,-79.33857,1301
1,35.99626,-79.33878,1302
1,35.9963,-79.33886,1303
1,35.99635,-79.33898,1304
1,35.99645,-79.33917,1305
1,35.99649,-79.33923,1306
1,35.99651,-79.33926,1307
1,35.99662,-79.33943,1308
1,35.9969,-79.33978,1309
1,35.99709,-79.33999,1310
1,35.99736,-79.34029,1311
1,35.99774,-79.34073,1312
1,35.99807,-79.34109,1313
1,35.99841,-79.34148,1314
1,35.99846,-79.34153,1315
1,35.99854,-79.34162,1316
1,35.99863,-79.34171,1317
1,35.99872,-79.34179,1318
1,35.99884,-79.34187,1319
1,35.99896,-79.34197,1320
1,35.99921,-79.34213,1321
1,35.99927,-79.34217,1322
1,35.99942,-79.34226,1323
1,35.99948,-79.34229,1324
1,35.99981,-79.34246,1325
1,35.99988,-79.3425,1326
1,35.9999,-79.34251,1327
1,35.99997,-79.34255,1328
1,36.00013,-79.34265,1329
1,36.00029,-79.34274,1330
1,36.00046,-79.34284,1331
1,36.00053,-79.34288,1332
1,36.00065,-79.34295,1333
1,36.00066,-79.34296,1334
1,36.00098,-79.34313,1335
1,36.00115,-79.34322,1336
1,36.00127,-79.34329,1337
1,36.00147,-79.34341,1338
1,36.0015,-79.34343,1339
1,36.00163,-79.34352,1340
1,36.00167,-79.34355,1341
1,36.00178,-79.34364,1342
1,36.00181,-79.34367,1343
1,36.00184,-79.34369,1344
1,36.00199,-79.34385,1345
1,36.00206,-79.34392,1346
1,36.00209,-79.34396,1347
1,36.00214,-79.34402,1348
1,36.00219,-79.34408,1349
1,36.00228,-79.3442,1350
1,36.00231,-79.34424,1351
1,36.00233,-79.34428,1352
1,36.00234,-79.34429,1353
1,36.00242,-79.34442,1354
1,36.00253,-79.34459,1355
1,36.00269,-79.34485,1356
1,36.00287,-79.34511,1357
1,36.00316,-79.34551,1358
1,36.00335,-79.34577,1359
1,36.00356,-79.34607,1360
1,36.00359,-79.3461,1361
1,36.00362,-79.34614,1362
1,36.00372,-79.34626,1363
1,36.00372,-79.34627,1364
1,36.00385,-79.34641,1365
1,36.00388,-79.34645,1366
1,36.00399,-79.34655,1367
1,36.00402,-79.34658,1368
1,36.00405,-79.34662,1369
1,36.00413,-79.34669,1370
1,36.00414,-79.34669,1371
1,36.00417,-79.34671,1372
1,36.00433,-79.34684,1373
1,36.00452,-79.34697,1374
1,36.00459,-79.34701,1375
1,36.00476,-79.34711,1376
1,36.0048,-79.34713,1377
1,36.00492,-79.34721,1378
1,36.00496,-79.34723,1379
1,36.00509,-79.3473,1380
1,36.00557,-79.34759,1381
1,36.00561,-79.34761,1382
1,36.00574,-79.34769,1383
1,36.00586,-79.34776,1384
1,36.0061,-79.34789,1385
1,36.0067,-79.34824,1386
1,36.00718,-79.3485,1387
1,36.00725,-79.34852,1388
1,36.0073,-79.34855,1389
1,36.00748,-79.34863,1390
1,36.00759,-79.34867,1391
1,36.00776,-79.34874,1392
1,36.00779,-79.34876,1393
1,36.00793,-79.34881,1394
1,36.00827,-79.34893,1395
1,36.00833,-79.34895,1396
1,36.00851,-79.34901,1397
1,36.00868,-79.34907,1398
1,36.00882,-79.34912,1399
1,36.00886,-79.34914,1400
1,36.00936,-79.34931,1401
1,36.00939,-79.34932,1402
1,36.00971,-79.34943,1403
1,36.00988,-79.3495,1404
1,36.01008,-79.34957,1405
1,36.0101,-79.34957,1406
1,36.01095,-79.34986,1407
1,36.01109,-79.3499,1408
1,36.0111,-79.3499,1409
1,36.01127,-79.34995,1410
1,36.0113,-79.34996,1411
1,36.01145,-79.34999,1412
1,36.01151,-79.35,1413
1,36.01163,-79.35002,1414
1,36.01165,-79.35002,1415
1,36.01166,-79.35002,1416
1,36.01216,-79.35008,1417
1,36.01219,-79.35008,1418
1,36.01234,-79.3501,1419
1,36.01252,-79.35011,1420
1,36.01255,-79.35012,1421
1,36.0127,-79.35013,1422
1,36.01273,-79.35014,1423
1,36.01288,-79.35015,1424
1,36.01308,-79.35017,1425
1,36.01323,-79.35019,1426
1,36.01372,-79.35026,1427
1,36.01377,-79.35027,1428
1,36.01386,-79.3503,1429
1,36.01399,-79.35035,1430
1,36.01411,-79.35042,1431
1,36.01418,-79.35048,1432
1,36.01427,-79.35053,1433
1,36.01431,-79.35055,1434
1,36.01441,-79.35063,1435
1,36.01454,-79.35074,1436
1,36.01462,-79.35083,1437
1,36.01465,-79.35086,1438
1,36.01467,-79.35088,1439
1,36.01475,-79.35098,1440
1,36.01476,-79.35098,1441
1,36.01478,-79.35102,1442
1,36.01489,-79.35118,1443
1,36.01492,-79.35123,1444
1,36.01494,-79.35126,1445
1,36.01497,-79.35133,1446
1,36.01499,-79.35137,1447
1,36.01502,-79.35143,1448
1,36.01506,-79.35152,1449
1,36.0151,-79.35161,1450
1,36.01514,-79.35173,1451
1,36.0152,-79.35193,1452
1,36.01522,-79.35197,1453
1,36.01523,-79.35201,1454
1,36.01534,-79.35241,1455
1,36.01544,-79.35282,1456
1,36.01545,-79.35285,1457
1,36.01549,-79.35299,1458
1,36.01554,-79.35317,1459
1,36.01556,-79.35324,1460
1,36.0156,-79.35336,1461
1,36.01562,-79.3534,1462
1,36.01569,-79.35356,1463
1,36.01571,-79.3536,1464
1,36.01572,-79.35363,1465
1,36.01578,-79.35375,1466
1,36.0158,-79.35378,1467
1,36.01583,-79.35384,1468
1,36.01593,-79.35399,1469
1,36.01595,-79.35402,1470
1,36.01605,-79.35416,1471
1,36.01607,-79.35418,1472
1,36.01609,-79.3542,1473
1,36.01614,-79.35426,1474
1,36.01632,-79.35445,1475
1,36.01644,-79.35458,1476
1,36.01646,-79.35459,1477
1,36.01659,-79.35473,1478
1,36.01664,-79.35477,1479
1,36.01684,-79.35498,1480
1,36.01712,-79.35526,1481
1,36.01726,-79.35541,1482
1,36.0175,-79.35565,1483
1,36.0177,-79.35587,1484
1,36.01811,-79.3563,1485
1,36.01814,-79.35633,1486
1,36.0183,-79.35651,1487
1,36.01852,-79.35679,1488
1,36.01875,-79.3571,1489
1,36.01886,-79.35728,1490
1,36.01917,-79.35778,1491
1,36.01932,-79.35801,1492
1,36.0196,-79.35848,1493
1,36.0197,-79.35866,1494
1,36.01981,-79.35884,1495
1,36.02,-79.35915,1496
1,36.02024,-79.35954,1497
1,36.02046,-79.3599,1498
1,36.02057,-79.36008,1499
1,36.02061,-79.36014,1500
1,36.02085,-79.36053,1501
1,36.02098,-79.36072,1502
1,36.02113,-79.3609,1503
1,36.02115,-79.36092,1504
1,36.02128,-79.36107,1505
1,36.02136,-79.36114,1506
1,36.02137,-79.36115,1507
1,36.02141,-79.36118,1508
1,36.02154,-79.36127,1509
1,36.02176,-79.36103,1510
1,36.0218,-79.36099,1511
1,36.02209,-79.36072,1512
1,36.02221,-79.3606,1513
1,36.02236,-79.36043,1514
1,36.0225,-79.36029,1515
1,36.02276,-79.36001,1516
1,36.02286,-79.3599,1517
1,36.0234,-79.35931,1518
1,36.02343,-79.35928,1519
1,36.02352,-79.35918,1520
1,36.02357,-79.35913,1521
1,36.0236,-79.3591,1522
1,36.0237,-79.35898,1523
1,36.02371,-79.35897,1524
1,36.02372,-79.35896,1525
1,36.02389,-79.35875,1526
1,36.02407,-79.3585,1527
1,36.02428,-79.35813,1528
1,36.0243,-79.3581,1529
1,36.02438,-79.35792,1530
1,36.02446,-79.35774,1531
1,36.02454,-79.35755,1532
1,36.02459,-79.35738,1533
1,36.02464,-79.35721,1534
1,36.02469,-79.35686,1535
1,36.02471,-79.35672,1536
1,36.02478,-79.3562,1537
1,36.02481,-79.35608,1538
1,36.02482,-79.35599,1539
1,36.02486,-79.35578,1540
1,36.02492,-79.35543,1541
1,36.02495,-79.35526,1542
1,36.02498,-79.35512,1543
1,36.02499,-79.35504,1544
1,36.02502,-79.35492,1545
1,36.02505,-79.35474,1546
1,36.02513,-79.3544,1547
1,36.0252,-79.35405,1548
1,36.02525,-79.35383,1549
1,36.02537,-79.35318,1550
1,36.02563,-79.35184,1551
1,36.02578,-79.35113,1552
1,36.02579,-79.35106,1553
1,36.02582,-79.35093,1554
1,36.02582,-79.35091,1555
1,36.02599,-79.35005,1556
1,36.02617,-79.34916,1557
1,36.02622,-79.34894,1558
1,36.02626,-79.34873,1559
1,36.02631,-79.34851,1560
1,36.02635,-79.3483,1561
1,36.02639,-79.34808,1562
1,36.02648,-79.34765,1563
1,36.02649,-79.34758,1564
1,36.02652,-79.34743,1565
1,36.02653,-79.34742,1566
1,36.02656,-79.34729,1567
1,36.02658,-79.34722,1568
1,36.02659,-79.3472,1569
1,36.02662,-79.34713,1570
1,36.02665,-79.34706,1571
1,36.02667,-79.34703,1572
1,36.02669,-79.34701,1573
1,36.02672,-79.34695,1574
1,36.02676,-79.3469,1575
1,36.02693,-79.34672,1576
1,36.02723,-79.3464,1577
1,36.02752,-79.34612,1578
1,36.02779,-79.34586,1579
1,36.02803,-79.34607,1580
1,36.02834,-79.34636,1581
1,36.02855,-79.34654,1582
1,36.02905,-79.347,1583
1,36.02937,-79.34729,1584
1,36.02942,-79.34733,1585
1,36.03012,-79.34797,1586
1,36.03013,-79.34798,1587
1,36.03014,-79.34799,1588
1,36.03027,-79.34811,1589
1,36.03028,-79.34812,1590
1,36.03056,-79.34837,1591
1,36.031,-79.34877,1592
1,36.0314,-79.34914,1593
1,36.03141,-79.34915,1594
1,36.03202,-79.3497,1595
1,36.03214,-79.34981,1596
1,36.03249,-79.35014,1597
1,36.0328,-79.35041,1598
1,36.03323,-79.3508,1599
1,36.03398,-79.35148,1600
1,36.03436,-79.35183,1601
1,36.03482,-79.35225,1602
1,36.03496,-79.35238,1603
1,36.03555,-79.35291,1604
1,36.03596,-79.35329,1605
1,36.03637,-79.35365,1606
1,36.0368,-79.35404,1607
1,36.03685,-79.35409,1608
1,36.03721,-79.35442,1609
1,36.03735,-79.35455,1610
1,36.03779,-79.35495,1611
1,36.0378,-79.35495,1612
1,36.03837,-79.35548,1613
1,36.03852,-79.35561,1614
1,36.03902,-79.35607,1615
1,36.03979,-79.35677,1616
1,36.04061,-79.35751,1617
1,36.04069,-79.35758,1618
1,36.04127,-79.35811,1619
1,36.04141,-79.35824,1620
1,36.04174,-79.35854,1621
1,36.04265,-79.35937,1622
1,36.04304,-79.35971,1623
1,36.04339,-79.36005,1624
1,36.04366,-79.36032,1625
1,36.04367,-79.36033,1626
1,36.04378,-79.36047,1627
1,36.04388,-79.3606,1628
1,36.04403,-79.3608,1629
1,36.04411,-79.36094,1630
1,36.04418,-79.36106,1631
1,36.04433,-79.36137,1632
1,36.04433,-79.36138,1633
1,36.04456,-79.36186,1634
1,36.04461,-79.36196,1635
1,36.04474,-79.36227,1636
1,36.04483,-79.36247,1637
1,36.04492,-79.36266,1638
1,36.04518,-79.36325,1639
1,36.0454,-79.36375,1640
1,36.04554,-79.36406,1641
1,36.04566,-79.3643,1642
1,36.04577,-79.36452,1643
1,36.04587,-79.3647,1644
1,36.04597,-79.36487,1645
1,36.04617,-79.36473,1646
1,36.04649,-79.36451,1647
1,36.04685,-79.36425,1648
1,36.04734,-79.36392,1649
1,36.04768,-79.36368,1650
1,36.04784,-79.36357,1651
1,36.0479,-79.36353,1652
1,36.04796,-79.36349,1653
1,36.048,-79.36347,1654
1,36.04807,-79.36343,1655
1,36.04814,-79.3634,1656
1,36.04821,-79.36336,1657
1,36.04835,-79.36332,1658
1,36.04843,-79.36329,1659
1,36.04855,-79.36326,1660
1,36.04869,-79.36324,1661
1,36.04871,-79.36323,1662
1,36.04887,-79.36321,1663
1,36.04922,-79.36317,1664
1,36.0494,-79.36313,1665
1,36.04953,-79.36311,1666
1,36.04976,-79.36308,1667
1,36.04981,-79.36307,1668
1,36.04994,-79.36304,1669
1,36.05005,-79.36301,1670
1,36.05014,-79.36299,1671
1,36.05019,-79.36297,1672
1,36.05024,-79.36295,1673
1,36.05032,-79.36291,1674
1,36.0504,-79.36287,1675
1,36.05049,-79.36282,1676
1,36.05059,-79.36276,1677
1,36.0507,-79.36269,1678
1,36.05074,-79.36265,1679
1,36.0508,-79.3626,1680
1,36.05084,-79.36258,1681
1,36.05089,-79.36253,1682
1,36.05095,-79.36247,1683
1,36.05101,-79.36242,1684
1,36.05108,-79.36234,1685
1,36.05118,-79.36224,1686
1,36.05123,-79.36219,1687
1,36.05136,-79.36204,1688
1,36.05138,-79.36202,1689
1,36.05142,-79.36198,1690
1,36.0515,-79.3619,1691
1,36.05156,-79.36182,1692
1,36.0518,-79.36156,1693
1,36.0519,-79.36145,1694
1,36.05196,-79.36139,1695
1,36.05199,-79.36135,1696
1,36.05224,-79.36108,1697
1,36.05231,-79.36102,1698
1,36.05235,-79.36097,1699
1,36.05244,-79.36087,1700
1,36.0525,-79.36081,1701
1,36.05252,-79.36078,1702
1,36.0526,-79.3607,1703
1,36.05285,-79.36042,1704
1,36.0529,-79.36036,1705
1,36.05302,-79.36024,1706
1,36.05326,-79.35998,1707
1,36.05339,-79.35984,1708
1,36.05341,-79.35981,1709
1,36.05344,-79.35978,1710
1,36.05352,-79.35969,1711
1,36.0536,-79.3596,1712
1,36.05392,-79.35925,1713
1,36.05398,-79.35931,1714
1,36.05404,-79.35938,1715
1,36.05411,-79.35944,1716
1,36.05416,-79.35948,1717
1,36.05419,-79.35951,1718
1,36.05421,-79.35952,1719
1,36.05428,-79.35958,1720
1,36.05431,-79.35961,1721
1,36.05436,-79.35964,1722
1,36.05443,-79.35968,1723
1,36.05447,-79.3597,1724
1,36.05452,-79.35973,1725
1,36.05457,-79.35975,1726
1,36.05462,-79.35977,1727
1,36.05467,-79.35979,1728
1,36.05472,-79.3598,1729
1,36.05479,-79.35981,1730
1,36.05482,-79.35981,1731
1,36.05486,-79.35982,1732
1,36.05489,-79.35982,1733
1,36.05493,-79.35982,1734
1,36.05504,-79.35981,1735
1,36.05505,-79.35981,1736
1,36.05511,-79.35981,1737
1,36.05514,-79.35981,1738
1,36.05516,-79.3598,1739
1,36.05564,-79.35973,1740
1,36.05567,-79.35973,1741
1,36.05569,-79.35972,1742
1,36.05603,-79.35967,1743
1,36.05612,-79.35965,1744
1,36.05618,-79.35965,1745
1,36.05661,-79.35958,1746
1,36.05682,-79.35954,1747
1,36.0572,-79.35948,1748
1,36.05735,-79.35946,1749
1,36.05752,-79.35943,1750
1,36.05755,-79.35943,1751
1,36.05761,-79.35942,1752
1,36.05762,-79.35942,1753
1,36.05769,-79.35941,1754
1,36.05773,-79.3594,1755
1,36.0578,-79.35939,1756
1,36.05793,-79.35937,1757
1,36.05816,-79.35933,1758
1,36.05824,-79.35932,1759
1,36.05835,-79.3593,1760
1,36.05844,-79.35927,1761
1,36.05851,-79.35926,1762
1,36.05852,-79.35925,1763
1,36.05861,-79.35922,1764
1,36.05867,-79.3592,1765
1,36.05871,-79.35919,1766
1,36.05878,-79.35916,1767
1,36.05884,-79.35913,1768
1,36.05885,-79.35912,1769
1,36.05892,-79.35909,1770
1,36.05895,-79.35907,1771
1,36.05898,-79.35906,1772
1,36.059,-79.35904,1773
1,36.05903,-79.35903,1774
1,36.05912,-79.35897,1775
1,36.05913,-79.35896,1776
1,36.05916,-79.35894,1777
1,36.05918,-79.35893,1778
1,36.05925,-79.35889,1779
1,36.05934,-79.35882,1780
1,36.05936,-79.35881,1781
1,36.05943,-79.35876,1782
1,36.05945,-79.35874,1783
1,36.05948,-79.35872,1784
1,36.05949,-79.35871,1785
1,36.05973,-79.35853,1786
1,36.05985,-79.35844,1787
1,36.05994,-79.35838,1788
1,36.06015,-79.35822,1789
1,36.06025,-79.35815,1790
1,36.06031,-79.35812,1791
1,36.06036,-79.35809,1792
1,36.06042,-79.35805,1793
1,36.06047,-79.35802,1794
1,36.06052,-79.358,1795
1,36.06059,-79.35797,1796
1,36.06066,-79.35794,1797
1,36.0607,-79.35793,1798
1,36.06071,-79.35793,1799
1,36.06075,-79.35792,1800
1,36.06076,-79.35791,1801
1,36.06085,-79.35789,1802
1,36.06088,-79.35789,1803
1,36.06092,-79.35788,1804
1,36.06093,-79.35787,1805
1,36.061,-79.35787,1806
1,36.06107,-79.35786,1807
1,36.06112,-79.35785,1808
1,36.06117,-79.35785,1809
1,36.06123,-79.35785,1810
1,36.06129,-79.35786,1811
1,36.06137,-79.35786,1812
1,36.06144,-79.35787,1813
1,36.06151,-79.35788,1814
1,36.06154,-79.35789,1815
1,36.06158,-79.3579,1816
1,36.06159,-79.3579,1817
1,36.06163,-79.35791,1818
1,36.06164,-79.35792,1819
1,36.06167,-79.35792,1820
1,36.06171,-79.35794,1821
1,36.06195,-79.35801,1822
1,36.06199,-79.35802,1823
1,36.06211,-79.35806,1824
1,36.06223,-79.35809,1825
1,36.06231,-79.35811,1826
1,36.06237,-79.35811,1827
1,36.06248,-79.35812,1828
1,36.06253,-79.35812,1829
1,36.0626,-79.35812,1830
1,36.06265,-79.35812,1831
1,36.06269,-79.35812,1832
1,36.06282,-79.3581,1833
1,36.06292,-79.35808,1834
1,36.06298,-79.35806,1835
1,36.06304,-79.35805,1836
1,36.06311,-79.35803,1837
1,36.06318,-79.358,1838
1,36.06327,-79.35796,1839
1,36.0633,-79.35795,1840
1,36.06334,-79.35793,1841
1,36.0635,-79.35784,1842
1,36.06364,-79.35774,1843
1,36.064,-79.35744,1844
1,36.06404,-79.35739,1845
1,36.06408,-79.35735,1846
1,36.06418,-79.35726,1847
1,36.06432,-79.35714,1848
1,36.06437,-79.35709,1849
1,36.06445,-79.35702,1850
1,36.06455,-79.35693,1851
1,36.0647,-79.35681,1852
1,36.06485,-79.35668,1853
1,36.06503,-79.35652,1854
1,36.06606,-79.35561,1855
1,36.06645,-79.35528,1856
1,36.06666,-79.35508,1857
1,36.06683,-79.35494,1858
1,36.06689,-79.35489,1859
1,36.06713,-79.35466,1860
1,36.06722,-79.35457,1861
1,36.06759,-79.35426,1862
1,36.06799,-79.3539,1863
1,36.06822,-79.3537,1864
1,36.06852,-79.35346,1865
1,36.06875,-79.35323,1866
1,36.06877,-79.35322,1867
1,36.06899,-79.35301,1868
1,36.0695,-79.35258,1869
1,36.06973,-79.35238,1870
1,36.06977,-79.35246,1871
1,36.06985,-79.35268,1872
1,36.06987,-79.35281,1873
1,36.06986,-79.35292,1874
1,36.06986,-79.35302,1875
1,36.06985,-79.35313,1876
1,36.06983,-79.35324,1877
1,36.06983,-79.35327,1878
1,36.06981,-79.35336,1879
1,36.06978,-79.35346,1880
1,36.06976,-79.35355,1881
1,36.06974,-79.35362,1882
1,36.06972,-79.35368,1883
1,36.06966,-79.35386,1884
1,36.06954,-79.35417,1885
1,36.06946,-79.35437,1886
1,36.06938,-79.35457,1887
1,36.06927,-79.35487,1888
1,36.0692,-79.35506,1889
1,36.06914,-79.35525,1890
1,36.06908,-79.35542,1891
1,36.06905,-79.35556,1892
1,36.06902,-79.35565,1893
1,36.06901,-79.35573,1894
1,36.069,-79.3558,1895
1,36.06899,-79.35585,1896
1,36.06898,-79.35589,1897
1,36.06898,-79.35594,1898
1,36.06897,-79.356,1899
1,36.06897,-79.35605,1900
1,36.06897,-79.35606,1901
1,36.06896,-79.35614,1902
1,36.06895,-79.35624,1903
1,36.06895,-79.35636,1904
1,36.06895,-79.35637,1905
1,36.06887,-79.35648,1906
1,36.06887,-79.35688,1907
1,36.06887,-79.35765,1908
1,36.06887,-79.35795,1909
1,36.06887,-79.35829,1910
1,36.06887,-79.35866,1911
1,36.06887,-79.35897,1912
1,36.06887,-79.35906,1913
1,36.06887,-79.35978,1914
1,36.06887,-79.36033,1915
1,36.06887,-79.36071,1916
1,36.06887,-79.36121,1917
1,36.06887,-79.36127,1918
1,36.06887,-79.36147,1919
1,36.06887,-79.36206,1920
1,36.06887,-79.36256,1921
1,36.06887,-79.36279,1922
1,36.06887,-79.36305,1923
1,36.06887,-79.36359,1924
1,36.06888,-79.3641,1925
1,36.06888,-79.36481,1926
1,36.06888,-79.36515,1927
1,36.06888,-79.36563,1928
1,36.06888,-79.36601,1929
1,36.06888,-79.36602,1930
1,36.06888,-79.36616,1931
1,36.06888,-79.36679,1932
1,36.06888,-79.36717,1933
1,36.06888,-79.3675,1934
1,36.06888,-79.36829,1935
1,36.06888,-79.36884,1936
1,36.06888,-79.36916,1937
1,36.06888,-79.3693,1938
1,36.06888,-79.36969,1939
1,36.06888,-79.36983,1940
1,36.06888,-79.36999,1941
1,36.06888,-79.37026,1942
1,36.06888,-79.37045,1943
1,36.06888,-79.37065,1944
1,36.06888,-79.37084,1945
1,36.06888,-79.37091,1946
1,36.06888,-79.37102,1947
1,36.06887,-79.37114,1948
1,36.06886,-79.37134,1949
1,36.06886,-79.37146,1950
1,36.06885,-79.3716,1951
1,36.06884,-79.37173,1952
1,36.06883,-79.3718,1953
1,36.06882,-79.37195,1954
1,36.0688,-79.37215,1955
1,36.06879,-79.37228,1956
1,36.06878,-79.37238,1957
1,36.06876,-79.37248,1958
1,36.06874,-79.37265,1959
1,36.06871,-79.37288,1960
1,36.06869,-79.37302,1961
1,36.06866,-79.37319,1962
1,36.06861,-79.37345,1963
1,36.06857,-79.37369,1964
1,36.06854,-79.37383,1965
1,36.06848,-79.37409,1966
1,36.06844,-79.37425,1967
1,36.06841,-79.37439,1968
1,36.06838,-79.3745,1969
1,36.06831,-79.37476,1970
1,36.06827,-79.3749,1971
1,36.06824,-79.37501,1972
1,36.06818,-79.37522,1973
1,36.06815,-79.37532,1974
1,36.06809,-79.37548,1975
1,36.06807,-79.37554,1976
1,36.06802,-79.3757,1977
1,36.068,-79.37576,1978
1,36.06796,-79.37586,1979
1,36.06788,-79.37607,1980
1,36.06784,-79.37617,1981
1,36.0678,-79.37629,1982
1,36.0677,-79.37653,1983
1,36.06764,-79.37666,1984
1,36.06761,-79.37673,1985
1,36.0676,-79.37676,1986
1,36.06754,-79.3769,1987
1,36.0675,-79.37697,1988
1,36.06744,-79.37711,1989
1,36.06738,-79.37724,1990
1,36.06721,-79.37757,1991
1,36.06713,-79.37772,1992
1,36.06707,-79.37784,1993
1,36.06697,-79.37801,1994
1,36.06691,-79.37812,1995
1,36.06685,-79.37822,1996
1,36.06674,-79.3784,1997
1,36.06661,-79.37861,1998
1,36.06659,-79.37865,1999
1,36.06652,-79.37876,2000
1,36.06645,-79.37888,2001
1,36.06626,-79.37917,2002
1,36.06591,-79.37975,2003
1,36.06588,-79.37979,2004
1,36.06574,-79.38002,2005
1,36.06563,-79.3802,2006
1,36.06556,-79.38031,2007
1,36.06554,-79.38034,2008
1,36.06548,-79.38045,2009
1,36.06542,-79.38053,2010
1,36.06541,-79.38055,2011
1,36.06535,-79.38065,2012
1,36.06529,-79.38075,2013
1,36.06522,-79.38085,2014
1,36.06516,-79.38095,2015
1,36.06509,-79.38106,2016
1,36.06503,-79.38117,2017
1,36.06501,-79.3812,2018
1,36.06497,-79.38127,2019
1,36.0649,-79.38137,2020
1,36.06484,-79.38148,2021
1,36.06477,-79.38158,2022
1,36.06471,-79.38168,2023
1,36.06469,-79.38172,2024
1,36.06464,-79.38179,2025
1,36.06458,-79.38189,2026
1,36.06452,-79.38199,2027
1,36.06445,-79.3821,2028
1,36.06439,-79.3822,2029
1,36.06433,-79.3823,2030
1,36.06427,-79.3824,2031
1,36.06425,-79.38242,2032
1,36.0642,-79.38251,2033
1,36.06413,-79.38261,2034
1,36.06407,-79.38272,2035
1,36.06401,-79.38282,2036
1,36.06394,-79.38293,2037
1,36.06388,-79.38303,2038
1,36.06381,-79.38313,2039
1,36.06375,-79.38323,2040
1,36.06368,-79.38334,2041
1,36.06362,-79.38344,2042
1,36.06357,-79.38353,2043
1,36.06328,-79.38404,2044
1,36.06321,-79.38416,2045
1,36.06313,-79.3843,2046
1,36.06309,-79.38439,2047
1,36.06303,-79.3845,2048
1,36.06298,-79.38461,2049
1,36.06292,-79.38473,2050
1,36.06287,-79.38485,2051
1,36.06281,-79.38496,2052
1,36.06276,-79.38508,2053
1,36.06271,-79.38519,2054
1,36.0627,-79.38522,2055
1,36.06266,-79.3853,2056
1,36.06261,-79.38542,2057
1,36.06257,-79.38554,2058
1,36.06252,-79.38566,2059
1,36.06247,-79.38578,2060
1,36.06243,-79.38589,2061
1,36.06239,-79.38601,2062
1,36.06237,-79.38607,2063
1,36.06235,-79.38613,2064
1,36.0623,-79.38625,2065
1,36.06227,-79.38637,2066
1,36.06222,-79.38649,2067
1,36.06219,-79.38661,2068
1,36.06215,-79.38673,2069
1,36.06202,-79.3872,2070
1,36.06195,-79.38747,2071
1,36.06192,-79.3876,2072
1,36.06189,-79.38771,2073
1,36.06186,-79.38785,2074
1,36.06183,-79.38796,2075
1,36.06181,-79.38809,2076
1,36.06178,-79.38822,2077
1,36.06176,-79.38834,2078
1,36.06174,-79.38848,2079
1,36.06171,-79.3886,2080
1,36.0617,-79.38866,2081
1,36.06169,-79.38874,2082
1,36.06167,-79.38886,2083
1,36.06164,-79.38898,2084
1,36.06162,-79.38912,2085
1,36.06159,-79.38924,2086
1,36.06157,-79.38937,2087
1,36.06155,-79.38949,2088
1,36.06152,-79.38962,2089
1,36.0615,-79.38975,2090
1,36.06148,-79.38988,2091
1,36.06145,-79.39001,2092
1,36.06143,-79.39012,2093
1,36.06141,-79.39026,2094
1,36.06139,-79.39038,2095
1,36.06136,-79.3905,2096
1,36.06134,-79.39063,2097
1,36.06132,-79.39077,2098
1,36.06129,-79.3909,2099
1,36.06127,-79.39101,2100
1,36.06126,-79.39109,2101
1,36.06125,-79.39115,2102
1,36.06122,-79.39127,2103
1,36.0612,-79.3914,2104
1,36.06116,-79.39165,2105
1,36.06113,-79.39178,2106
1,36.06111,-79.39191,2107
1,36.06109,-79.39202,2108
1,36.06108,-79.39204,2109
1,36.06106,-79.39216,2110
1,36.06104,-79.3923,2111
1,36.06102,-79.39242,2112
1,36.06099,-79.39255,2113
1,36.06097,-79.39268,2114
1,36.06095,-79.3928,2115
1,36.06092,-79.39293,2116
1,36.06091,-79.39296,2117
1,36.0609,-79.39306,2118
1,36.06088,-79.39318,2119
1,36.06085,-79.39331,2120
1,36.06083,-79.39343,2121
1,36.06081,-79.39356,2122
1,36.06078,-79.39369,2123
1,36.06076,-79.39381,2124
1,36.06074,-79.39394,2125
1,36.06071,-79.39407,2126
1,36.06069,-79.39419,2127
1,36.06067,-79.39432,2128
1,36.06066,-79.39435,2129
1,36.06064,-79.39446,2130
1,36.06062,-79.39458,2131
1,36.0606,-79.3947,2132
1,36.06051,-79.3952,2133
1,36.0605,-79.39522,2134
1,36.06057,-79.39538,2135
1,36.06057,-79.39539,2136
1,36.06055,-79.39553,2137
1,36.06054,-79.39562,2138
1,36.06052,-79.39577,2139
1,36.06051,-79.39591,2140
1,36.06049,-79.39623,2141
1,36.06049,-79.39633,2142
1,36.06047,-79.39664,2143
1,36.06047,-79.3968,2144
1,36.06048,-79.39697,2145
1,36.06049,-79.39719,2146
1,36.06053,-79.39744,2147
1,36.0606,-79.39776,2148
1,36.06068,-79.39808,2149
1,36.0608,-79.39847,2150
1,36.06087,-79.39866,2151
1,36.06087,-79.39868,2152
1,36.06088,-79.39873,2153
1,36.06092,-79.39885,2154
1,36.06093,-79.39889,2155
1,36.06096,-79.39899,2156
1,36.06099,-79.3991,2157
1,36.061,-79.39921,2158
1,36.06101,-79.3993,2159
1,36.061,-79.39955,2160
1,36.06098,-79.40011,2161
1,36.06094,-79.40026,2162
1,36.06041,-79.40028,2163
1,36.06018,-79.40027,2164
1,36.06005,-79.40027,2165
1,36.05987,-79.40028,2166
1,36.05943,-79.40029,2167
1,36.0592,-79.40029,2168
1,36.05902,-79.4003,2169
1,36.0587,-79.40025,2170
1,36.05829,-79.40023,2171
1,36.05818,-79.40021,2172
1,36.05817,-79.40021,2173
1,36.05815,-79.4002,2174
1,36.05814,-79.4002,2175
1,36.05814,-79.40019,2176
1,36.05813,-79.40019,2177
1,36.05812,-79.40018,2178
1,36.05812,-79.40017,2179
1,36.05811,-79.40016,2180
1,36.05806,-79.40015,2181
1,36.05781,-79.40013,2182
1,36.05765,-79.40011,2183
1,36.05738,-79.40009,2184
1,36.05712,-79.40007,2185
1,36.05697,-79.40005,2186
2,36.05697,-79.40005,0
2,36.05674,-79.40003,1
2,36.05661,-79.40002,2
2,36.05635,-79.39999,3
2,36.05608,-79.39995,4
2,36.05594,-79.39993,5
2,36.05547,-79.39988,6
2,36.05502,-79.39983,7
2,36.05487,-79.39982,8
2,36.05479,-79.39981,9
2,36.05451,-79.39978,10
2,36.05423,-79.39976,11
2,36.05407,-79.39975,12
2,36.05391,-79.39973,13
2,36.05351,-79.39968,14
2,36.05333,-79.39966,15
2,36.05332,-79.39966,16
2,36.05297,-79.39961,17
2,36.05295,-79.39961,18
2,36.05279,-79.39958,19
2,36.05272,-79.39957,20
2,36.0527,-79.39956,21
2,36.05258,-79.39954,22
2,36.05233,-79.39948,23
2,36.05199,-79.39938,24
2,36.05161,-79.39923,25
2,36.05148,-79.39918,26
2,36.05127,-79.39908,27
2,36.05094,-79.39894,28
2,36.05058,-79.39877,29
2,36.05025,-79.39862,30
2,36.05008,-79.39854,31
2,36.04993,-79.39847,32
2,36.0498,-79.39841,33
2,36.04968,-79.39834,34
2,36.04959,-79.39829,35
2,36.04943,-79.39817,36
2,36.04918,-79.39794,37
2,36.04885,-79.39755,38
2,36.04875,-79.39744,39
2,36.04862,-79.39729,40
2,36.04852,-79.39717,41
2,36.0481,-79.39667,42
2,36.04798,-79.39653,43
2,36.04782,-79.39638,44
2,36.0477,-79.39628,45
2,36.04756,-79.39618,46
2,36.04746,-79.39612,47
2,36.04738,-79.39608,48
2,36.04735,-79.39606,49
2,36.04732,-79.39605,50
2,36.04719,-79.396,51
2,36.04709,-79.39596,52
2,36.04695,-79.39591,53
2,36.0466,-79.39584,54
2,36.04631,-79.39581,55
2,36.04625,-79.3958,56
2,36.04595,-79.39578,57
2,36.04505,-79.39575,58
2,36.04496,-79.39575,59
2,36.0445,-79.39573,60
2,36.04424,-79.39571,61
2,36.04406,-79.3957,62
2,36.04393,-79.39568,63
2,36.04383,-79.39566,64
2,36.04374,-79.39564,65
2,36.04363,-79.39562,66
2,36.04362,-79.39562,67
2,36.04351,-79.39559,68
2,36.04338,-79.39554,69
2,36.04319,-79.39546,70
2,36.04306,-79.39539,71
2,36.04269,-79.39518,72
2,36.04218,-79.39487,73
2,36.04216,-79.39487,74
2,36.04199,-79.39475,75
2,36.04168,-79.39453,76
2,36.04146,-79.39436,77
2,36.04144,-79.39434,78
2,36.04078,-79.39379,79
2,36.04064,-79.39367,80
2,36.04051,-79.39359,81
2,36.04045,-79.39355,82
2,36.04039,-79.39352,83
2,36.04031,-79.39349,84
2,36.04021,-79.39345,85
2,36.04009,-79.39341,86
2,36.03964,-79.3933,87
2,36.03929,-79.39321,88
2,36.03916,-79.39318,89
2,36.0389,-79.39311,90
2,36.03881,-79.39309,91
2,36.03861,-79.39304,92
2,36.03825,-79.39295,93
2,36.03757,-79.39278,94
2,36.03734,-79.39271,95
2,36.03717,-79.39267,96
2,36.03702,-79.39264,97
2,36.03697,-79.39263,98
2,36.0369,-79.39262,99
2,36.03684,-79.39261,100
2,36.03676,-79.3926,101
2,36.03666,-79.39259,102
2,36.03659,-79.39259,103
2,36.03651,-79.39259,104
2,36.03636,-79.3926,105
2,36.03613,-79.39264,106
2,36.03602,-79.39266,107
2,36.0358,-79.39272,108
2,36.03523,-79.39288,109
2,36.03499,-79.39294,110
2,36.03481,-79.39298,111
2,36.03469,-79.393,112
2,36.03459,-79.39301,113
2,36.03449,-79.39302,114
2,36.03444,-79.39302,115
2,36.0344,-79.39302,116
2,36.03438,-79.39302,117
2,36.03431,-79.39302,118
2,36.03426,-79.39302,119
2,36.03422,-79.39301,120
2,36.0342,-79.39301,121
2,36.03413,-79.393,122
2,36.03404,-79.39298,123
2,36.03395,-79.39296,124
2,36.03386,-79.39294,125
2,36.03377,-79.39291,126
2,36.03368,-79.39288,127
2,36.03359,-79.39284,128
2,36.03346,-79.39278,129
2,36.03329,-79.3927,130
2,36.03291,-79.3925,131
2,36.03276,-79.39244,132
2,36.03266,-79.39239,133
2,36.03256,-79.39236,134
2,36.03245,-79.39233,135
2,36.03239,-79.39232,136
2,36.03228,-79.39231,137
2,36.03213,-79.39232,138
2,36.03199,-79.39233,139
2,36.03148,-79.39244,140
2,36.03139,-79.39245,141
2,36.03132,-79.39247,142
2,36.0312,-79.39249,143
2,36.03097,-79.39254,144
2,36.03078,-79.39258,145
2,36.03042,-79.39266,146
2,36.03027,-79.3927,147
2,36.03005,-79.39275,148
2,36.02996,-79.39278,149
2,36.02957,-79.39291,150
2,36.02945,-79.39296,151
2,36.02938,-79.39299,152
2,36.02919,-79.39306,153
2,36.02854,-79.39335,154
2,36.02818,-79.39351,155
2,36.0279,-79.39363,156
2,36.0278,-79.39368,157
2,36.02772,-79.39371,158
2,36.02731,-79.39389,159
2,36.02707,-79.39398,160
2,36.02704,-79.39399,161
2,36.02691,-79.39404,162
2,36.02687,-79.39406,163
2,36.02678,-79.39409,164
2,36.02669,-79.39411,165
2,36.02666,-79.39412,166
2,36.02663,-79.39413,167
2,36.02654,-79.39415,168
2,36.02652,-79.39415,169
2,36.02647,-79.39416,170
2,36.02638,-79.39418,171
2,36.02625,-79.3942,172
2,36.02616,-79.3942,173
2,36.02609,-79.39421,174
2,36.02583,-79.39423,175
2,36.02574,-79.39423,176
2,36.02538,-79.39425,177
2,36.02529,-79.39426,178
2,36.02528,-79.39426,179
2,36.02526,-79.39426,180
2,36.02516,-79.39428,181
2,36.02508,-79.39429,182
2,36.02502,-79.3943,183
2,36.02497,-79.39431,184
2,36.02475,-79.39435,185
2,36.02473,-79.39436,186
2,36.0247,-79.39437,187
2,36.02468,-79.39437,188
2,36.02426,-79.39449,189
2,36.0242,-79.3945,190
2,36.02411,-79.39453,191
2,36.02404,-79.39455,192
2,36.02403,-79.39455,193
2,36.02391,-79.39459,194
2,36.02388,-79.3946,195
2,36.02385,-79.3946,196
2,36.02382,-79.39461,197
2,36.02368,-79.39466,198
2,36.02365,-79.39467,199
2,36.02349,-79.3947,200
2,36.02317,-79.39476,201
2,36.02293,-79.39478,202
2,36.02266,-79.3948,203
2,36.0225,-79.3948,204
2,36.02231,-79.39481,205
2,36.02222,-79.39481,206
2,36.02214,-79.3948,207
2,36.02204,-79.39479,208
2,36.02197,-79.39478,209
2,36.02188,-79.39477,210
2,36.02184,-79.39476,211
2,36.0218,-79.39475,212
2,36.02173,-79.39473,213
2,36.02166,-79.39471,214
2,36.02164,-79.3947,215
2,36.02158,-79.39467,216
2,36.02151,-79.39464,217
2,36.02144,-79.3946,218
2,36.02137,-79.39456,219
2,36.02129,-79.3945,220
2,36.0212,-79.39443,221
2,36.02108,-79.39434,222
2,36.02088,-79.39416,223
2,36.02071,-79.39402,224
2,36.02062,-79.39394,225
2,36.02011,-79.3935,226
2,36.01975,-79.39318,227
2,36.01944,-79.39291,228
2,36.01938,-79.39286,229
2,36.01929,-79.39278,230
2,36.01902,-79.39253,231
2,36.019,-79.39252,232
2,36.01833,-79.3919,233
2,36.01828,-79.39186,234
2,36.01813,-79.39173,235
2,36.018,-79.39163,236
2,36.01788,-79.39154,237
2,36.01778,-79.39149,238
2,36.01768,-79.39143,239
2,36.01759,-79.3914,240
2,36.01751,-79.39137,241
2,36.01742,-79.39135,242
2,36.01734,-79.39134,243
2,36.01723,-79.39133,244
2,36.01718,-79.39133,245
2,36.01712,-79.39133,246
2,36.01702,-79.39134,247
2,36.01685,-79.39135,248
2,36.01665,-79.39137,249
2,36.01565,-79.39149,250
2,36.01517,-79.39155,251
2,36.0143,-79.39167,252
2,36.01377,-79.39173,253
2,36.01343,-79.39178,254
2,36.01321,-79.3918,255
2,36.01279,-79.39185,256
2,36.01264,-79.39186,257
2,36.01231,-79.39189,258
2,36.01212,-79.3919,259
2,36.01169,-79.39194,260
2,36.01138,-79.39196,261
2,36.01111,-79.39199,262
2,36.01095,-79.392,263
2,36.01081,-79.392,264
2,36.01069,-79.39199,265
2,36.01058,-79.39198,266
2,36.01044,-79.39197,267
2,36.00997,-79.3919,268
2,36.00943,-79.39181,269
2,36.00888,-79.39173,270
2,36.00783,-79.39156,271
2,36.00761,-79.39154,272
2,36.00736,-79.39152,273
2,36.0072,-79.39152,274
2,36.00692,-79.39151,275
2,36.00666,-79.39153,276
2,36.00651,-79.39153,277
2,36.00633,-79.39152,278
2,36.00579,-79.39151,279
2,36.00565,-79.39151,280
2,36.00508,-79.39152,281
2,36.00465,-79.39151,282
2,36.00446,-79.3915,283
2,36.00411,-79.39149,284
2,36.00399,-79.39148,285
2,36.00363,-79.39145,286
2,36.00352,-79.39144,287
2,36.0034,-79.39143,288
2,36.00319,-79.39141,289
2,36.00309,-79.39141,290
2,36.00301,-79.39138,291
2,36.00292,-79.39138,292
2,36.0027,-79.39138,293
2,36.00261,-79.39138,294
2,36.00253,-79.39139,295
2,36.0024,-79.3914,296
2,36.00229,-79.39141,297
2,36.0019,-79.39146,298
2,36.00175,-79.39148,299
2,36.00159,-79.39151,300
2,36.00147,-79.39153,301
2,36.0014,-79.39155,302
2,36.00133,-79.39157,303
2,36.00124,-79.39159,304
2,36.00085,-79.3917,305
2,36.00042,-79.39183,306
2,35.99976,-79.39203,307
2,35.99954,-79.39209,308
2,35.99934,-79.39214,309
2,35.99921,-79.39216,310
2,35.99897,-79.3922,311
2,35.99869,-79.39224,312
2,35.99823,-79.39229,313
2,35.99747,-79.3924,314
2,35.99708,-79.39245,315
2,35.99637,-79.39255,316
2,35.99591,-79.39261,317
2,35.99502,-79.39273,318
2,35.99448,-79.39281,319
2,35.99442,-79.39281,320
2,35.99431,-79.39283,321
2,35.99377,-79.3929,322
2,35.9929,-79.39302,323
2,35.99277,-79.39304,324
2,35.99213,-79.39312,325
2,35.9919,-79.39314,326
2,35.99177,-79.39314,327
2,35.99172,-79.39314,328
2,35.99169,-79.39313,329
2,35.99163,-79.39312,330
2,35.99157,-79.39311,331
2,35.99151,-79.3931,332
2,35.99147,-79.39309,333
2,35.99139,-79.39306,334
2,35.99131,-79.39303,335
2,35.99117,-79.39297,336
2,35.99104,-79.3929,337
2,35.99092,-79.39283,338
2,35.99087,-79.39279,339
2,35.99076,-79.3927,340
2,35.9907,-79.39264,341
2,35.99046,-79.39243,342
2,35.99034,-79.39232,343
2,35.99018,-79.39219,344
2,35.98998,-79.39202,345
2,35.98983,-79.39189,346
2,35.98944,-79.39152,347
2,35.98915,-79.39125,348
2,35.98895,-79.39108,349
2,35.98852,-79.39069,350
2,35.98808,-79.39029,351
2,35.98792,-79.39015,352
2,35.98764,-79.3899,353
2,35.98714,-79.38944,354
2,35.98699,-79.38931,355
2,35.98685,-79.38918,356
2,35.98663,-79.38899,357
2,35.98597,-79.3884,358
2,35.98501,-79.38753,359
2,35.98428,-79.38687,360
2,35.984,-79.38662,361
2,35.9837,-79.38636,362
2,35.98365,-79.38631,363
2,35.98357,-79.38624,364
2,35.98342,-79.3861,365
2,35.98337,-79.38606,366
2,35.98336,-79.38605,367
2,35.98326,-79.38597,368
2,35.98306,-79.38579,369
2,35.98297,-79.38571,370
2,35.98296,-79.38569,371
2,35.98277,-79.38553,372
2,35.98253,-79.38531,373
2,35.98224,-79.38505,374
2,35.98218,-79.385,375
2,35.98209,-79.38493,376
2,35.98202,-79.38487,377
2,35.98192,-79.3848,378
2,35.9818,-79.38471,379
2,35.98175,-79.38466,380
2,35.98162,-79.38457,381
2,35.98142,-79.38443,382
2,35.98126,-79.38434,383
2,35.98088,-79.3841,384
2,35.98072,-79.38401,385
2,35.98054,-79.3839,386
2,35.97986,-79.3835,387
2,35.97948,-79.38327,388
2,35.97909,-79.38304,389
2,35.97856,-79.38273,390
2,35.97794,-79.38236,391
2,35.97743,-79.38205,392
2,35.97694,-79.38176,393
2,35.97678,-79.38166,394
2,35.97662,-79.38156,395
2,35.97644,-79.38148,396
2,35.97599,-79.38122,397
2,35.97543,-79.38088,398
2,35.97535,-79.38083,399
2,35.97514,-79.3807,400
2,35.97506,-79.38065,401
2,35.97462,-79.3804,402
2,35.97419,-79.38014,403
2,35.97364,-79.37981,404
2,35.97359,-79.37977,405
2,35.97355,-79.37975,406
2,35.97351,-79.3797,407
2,35.97319,-79.37951,408
2,35.97222,-79.37893,409
2,35.97195,-79.37877,410
2,35.97151,-79.37854,411
2,35.97109,-79.37833,412
2,35.97086,-79.37822,413
2,35.97045,-79.37803,414
2,35.96983,-79.37774,415
2,35.96957,-79.37762,416
2,35.96882,-79.37726,417
2,35.96812,-79.37693,418
2,35.96796,-79.37686,419
2,35.96729,-79.37654,420
2,35.96712,-79.37647,421
2,35.96704,-79.37643,422
2,35.9665,-79.37617,423
2,35.96647,-79.37616,424
2,35.96598,-79.37593,425
2,35.96521,-79.37557,426
2,35.96454,-79.37525,427
2,35.96403,-79.37501,428
2,35.96401,-79.375,429
2,35.96396,-79.37498,430
2,35.96381,-79.37491,431
2,35.9637,-79.37486,432
2,35.96363,-79.37482,433
2,35.96353,-79.37478,434
2,35.96344,-79.37473,435
2,35.96253,-79.37431,436
2,35.96228,-79.37418,437
2,35.96215,-79.37412,438
2,35.96212,-79.37411,439
2,35.96199,-79.37405,440
2,35.96177,-79.37392,441
2,35.96162,-79.37384,442
2,35.9615,-79.37377,443
2,35.96128,-79.37362,444
2,35.96104,-79.37343,445
2,35.96093,-79.37334,446
2,35.9607,-79.37313,447
2,35.96062,-79.37305,448
2,35.9605,-79.37292,449
2,35.96044,-79.37286,450
2,35.96032,-79.37272,451
2,35.96023,-79.37261,452
2,35.96006,-79.37239,453
2,35.95984,-79.37206,454
2,35.95978,-79.37198,455
2,35.95974,-79.37192,456
2,35.95954,-79.3716,457
2,35.9595,-79.37153,458
2,35.95913,-79.37094,459
2,35.95883,-79.37046,460
2,35.9585,-79.36993,461
2,35.95828,-79.36956,462
2,35.9581,-79.36929,463
2,35.95778,-79.36876,464
2,35.95745,-79.36824,465
2,35.95734,-79.36806,466
2,35.95684,-79.36726,467
2,35.95614,-79.36612,468
2,35.95565,-79.36534,469
2,35.95559,-79.36524,470
2,35.95548,-79.36507,471
2,35.95526,-79.36471,472
2,35.95515,-79.36454,473
2,35.95493,-79.36418,474
2,35.95455,-79.36357,475
2,35.95416,-79.36294,476
2,35.95392,-79.36256,477
2,35.95367,-79.36216,478
2,35.95345,-79.3618,479
2,35.95317,-79.36135,480
2,35.95302,-79.36112,481
2,35.95285,-79.36084,482
2,35.95258,-79.36041,483
2,35.95235,-79.36003,484
2,35.95202,-79.3595,485
2,35.95193,-79.35936,486
2,35.95182,-79.35918,487
2,35.95149,-79.35865,488
2,35.95132,-79.35837,489
2,35.95107,-79.35797,490
2,35.95093,-79.35775,491
2,35.95069,-79.35735,492
2,35.95009,-79.35638,493
2,35.95003,-79.35628,494
2,35.94998,-79.3562,495
2,35.9497,-79.35576,496
2,35.94955,-79.35552,497
2,35.94926,-79.35506,498
2,35.94906,-79.35473,499
2,35.94904,-79.3547,500
2,35.94893,-79.35453,501
2,35.94893,-79.35452,502
2,35.94882,-79.35435,503
2,35.94868,-79.35412,504
2,35.94847,-79.35379,505
2,35.94826,-79.35346,506
2,35.94808,-79.35315,507
2,35.94806,-79.35312,508
2,35.94795,-79.35294,509
2,35.94787,-79.35282,510
2,35.94784,-79.35277,511
2,35.9477,-79.35255,512
2,35.94762,-79.35242,513
2,35.94757,-79.35234,514
2,35.94733,-79.35195,515
2,35.94729,-79.35189,516
2,35.9472,-79.35174,517
2,35.94685,-79.35119,518
2,35.94666,-79.35088,519
2,35.94652,-79.35065,520
2,35.94647,-79.35058,521
2,35.9463,-79.3503,522
2,35.94619,-79.35013,523
2,35.94608,-79.34995,524
2,35.94594,-79.34972,525
2,35.94568,-79.34929,526
2,35.94542,-79.34887,527
2,35.94521,-79.34853,528
2,35.94515,-79.34844,529
2,35.94499,-79.34818,530
2,35.94488,-79.34801,531
2,35.94477,-79.34783,532
2,35.94466,-79.34765,533
2,35.94443,-79.34728,534
2,35.94412,-79.34677,535
2,35.94411,-79.34676,536
2,35.9439,-79.34642,537
2,35.94384,-79.34633,538
2,35.94379,-79.34624,539
2,35.94338,-79.34557,540
2,35.9432,-79.34528,541
2,35.94313,-79.34518,542
2,35.94306,-79.34507,543
2,35.94294,-79.34488,544
2,35.94283,-79.34471,545
2,35.94258,-79.34432,546
2,35.94239,-79.34401,547
2,35.94216,-79.34364,548
2,35.94174,-79.34295,549
2,35.94173,-79.34294,550
2,35.94162,-79.34277,551
2,35.94156,-79.34267,552
2,35.9413,-79.34224,553
2,35.9411,-79.34192,554
2,35.9409,-79.3416,555
2,35.94088,-79.34156,556
2,35.94079,-79.34142,557
2,35.94046,-79.34089,558
2,35.94039,-79.34077,559
2,35.94035,-79.34071,560
2,35.94025,-79.34054,561
2,35.94003,-79.34018,562
2,35.93994,-79.34005,563
2,35.93959,-79.33948,564
2,35.93938,-79.33914,565
2,35.9392,-79.33885,566
2,35.93901,-79.33854,567
2,35.93878,-79.33818,568
2,35.93878,-79.33817,569
2,35.93854,-79.33779,570
2,35.93845,-79.33765,571
2,35.93835,-79.33749,572
2,35.93816,-79.33717,573
2,35.93812,-79.33712,574
2,35.93801,-79.33695,575
2,35.93795,-79.33685,576
2,35.93765,-79.33636,577
2,35.93738,-79.33593,578
2,35.93719,-79.33562,579
2,35.93704,-79.33539,580
2,35.93703,-79.33536,581
2,35.93692,-79.33519,582
2,35.93681,-79.33501,583
2,35.93659,-79.33466,584
2,35.93653,-79.33457,585
2,35.93637,-79.3343,586
2,35.93626,-79.33413,587
2,35.9362,-79.33404,588
2,35.93615,-79.33395,589
2,35.93572,-79.33324,590
2,35.93557,-79.33304,591
2,35.93547,-79.33288,592
2,35.93533,-79.33268,593
2,35.93523,-79.33253,594
2,35.93485,-79.33201,595
2,35.93467,-79.33179,596
2,35.93447,-79.33153,597
2,35.93418,-79.33119,598
2,35.93402,-79.33101,599
2,35.93362,-79.33057,600
2,35.93357,-79.33052,601
2,35.93348,-79.33043,602
2,35.93335,-79.33028,603
2,35.93321,-79.33013,604
2,35.9332,-79.33012,605
2,35.93308,-79.32999,606
2,35.93294,-79.32984,607
2,35.9328,-79.3297,608
2,35.93239,-79.32925,609
2,35.93198,-79.32881,610
2,35.93185,-79.32868,611
2,35.93172,-79.32853,612
2,35.93165,-79.32846,613
2,35.93158,-79.32839,614
2,35.93145,-79.32824,615
2,35.93133,-79.32811,616
2,35.93131,-79.3281,617
2,35.93117,-79.32795,618
2,35.93104,-79.32781,619
2,35.93099,-79.32775,620
2,35.93095,-79.32772,621
2,35.9309,-79.32766,622
2,35.93077,-79.32752,623
2,35.93068,-79.32743,624
2,35.93024,-79.32695,625
2,35.92982,-79.3265,626
2,35.92971,-79.32639,627
2,35.92968,-79.32635,628
2,35.92954,-79.3262,629
2,35.92941,-79.32606,630
2,35.92939,-79.32604,631
2,35.92927,-79.32591,632
2,35.92906,-79.32568,633
2,35.929,-79.32562,634
2,35.92887,-79.32548,635
2,35.92837,-79.32495,636
2,35.92818,-79.32474,637
2,35.92799,-79.32454,638
2,35.92779,-79.32433,639
2,35.92778,-79.32431,640
2,35.92762,-79.32415,641
2,35.92741,-79.32392,642
2,35.92737,-79.32388,643
2,35.92723,-79.32373,644
2,35.9272,-79.3237,645
2,35.927,-79.32349,646
2,35.92696,-79.32344,647
2,35.92683,-79.3233,648
2,35.92677,-79.32324,649
2,35.92669,-79.32315,650
2,35.92655,-79.323,651
2,35.92645,-79.3229,652
2,35.92642,-79.32286,653
2,35.92628,-79.32271,654
2,35.92615,-79.32257,655
2,35.9254,-79.32176,656
2,35.92486,-79.32118,657
2,35.92455,-79.32085,658
2,35.92422,-79.3205,659
2,35.92411,-79.32038,660
2,35.92401,-79.32027,661
2,35.92369,-79.31993,662
2,35.92332,-79.31953,663
2,35.92305,-79.31924,664
2,35.92275,-79.31892,665
2,35.92218,-79.31831,666
2,35.92184,-79.31795,667
2,35.92101,-79.31707,668
2,35.92076,-79.3168,669
2,35.92047,-79.31648,670
2,35.9202,-79.31619,671
2,35.91993,-79.3159,672
2,35.91978,-79.31574,673
2,35.91957,-79.31551,674
2,35.91922,-79.31514,675
2,35.91903,-79.31493,676
2,35.91889,-79.31478,677
2,35.91879,-79.31467,678
2,35.91862,-79.31449,679
2,35.91844,-79.3143,680
2,35.91835,-79.3142,681
2,35.9178,-79.31361,682
2,35.91767,-79.31347,683
2,35.91756,-79.31334,684
2,35.91726,-79.31304,685
2,35.91711,-79.3129,686
2,35.91699,-79.31279,687
2,35.91693,-79.31274,688
2,35.91685,-79.31267,689
2,35.91676,-79.3126,690
2,35.91668,-79.31253,691
2,35.91658,-79.31246,692
2,35.91652,-79.31243,693
2,35.91638,-79.31234,694
2,35.91629,-79.31228,695
2,35.91605,-79.31216,696
2,35.91589,-79.31207,697
2,35.91588,-79.31206,698
2,35.91572,-79.31198,699
2,35.91518,-79.3117,700
2,35.91476,-79.31149,701
2,35.91459,-79.3114,702
2,35.91442,-79.31132,703
2,35.91382,-79.31101,704
2,35.91376,-79.31098,705
2,35.91359,-79.31089,706
2,35.91343,-79.31081,707
2,35.91326,-79.31072,708
2,35.9131,-79.31064,709
2,35.91297,-79.31057,710
2,35.91268,-79.31042,711
2,35.91233,-79.31025,712
2,35.91226,-79.31021,713
2,35.91198,-79.31006,714
2,35.9116,-79.30986,715
2,35.91084,-79.30948,716
2,35.91005,-79.30906,717
2,35.90958,-79.30883,718
2,35.90944,-79.30876,719
2,35.90928,-79.30867,720
2,35.90911,-79.30858,721
2,35.90892,-79.30849,722
2,35.90828,-79.30816,723
2,35.90785,-79.30793,724
2,35.90768,-79.30784,725
2,35.90746,-79.30772,726
2,35.90742,-79.3077,727
2,35.90721,-79.3076,728
2,35.90718,-79.30758,729
2,35.90678,-79.30738,730
2,35.90692,-79.30686,731
2,35.907,-79.30655,732
2,35.90712,-79.30605,733
2,35.90724,-79.30554,734
2,35.90727,-79.30532,735
2,35.90729,-79.30519,736
2,35.9073,-79.3051,737
2,35.90731,-79.30497,738
2,35.90731,-79.30488,739
2,35.90732,-79.3047,740
2,35.90732,-79.30446,741
2,35.90729,-79.30426,742
2,35.90723,-79.30396,743
2,35.90714,-79.30363,744
2,35.907,-79.30312,745
2,35.90678,-79.30234,746
2,35.90677,-79.30228,747
2,35.90673,-79.30214,748
2,35.90665,-79.30187,749
2,35.90649,-79.30134,750
2,35.9064,-79.30101,751
2,35.90634,-79.3008,752
2,35.90628,-79.30059,753
2,35.90624,-79.30041,754
2,35.90628,-79.30059,755
2,35.90634,-79.3008,756
2,35.9064,-79.30101,757
2,35.90649,-79.30134,758
2,35.90665,-79.30187,759
2,35.90673,-79.30214,760
2,35.90677,-79.30228,761
2,35.90678,-79.30234,762
2,35.907,-79.30312,763
2,35.90714,-79.30363,764
2,35.90723,-79.30396,765
2,35.90729,-79.30426,766
2,35.90732,-79.30446,767
2,35.90742,-79.30445,768
2,35.9076,-79.30445,769
2,35.90786,-79.30447,770
2,35.90796,-79.30447,771
2,35.90814,-79.30447,772
2,35.90825,-79.30447,773
2,35.90832,-79.30447,774
2,35.90868,-79.30448,775
2,35.90904,-79.30449,776
2,35.90973,-79.30451,777
2,35.90976,-79.30451,778
2,35.90994,-79.30452,779
2,35.91017,-79.30455,780
2,35.91066,-79.30466,781
2,35.91078,-79.30469,782
2,35.91099,-79.30477,783
2,35.91122,-79.30487,784
2,35.91151,-79.30502,785
2,35.91161,-79.30507,786
2,35.91202,-79.30525,787
2,35.91235,-79.30539,788
2,35.91236,-79.3054,789
2,35.91269,-79.30554,790
2,35.91302,-79.3057,791
2,35.91321,-79.30578,792
2,35.91336,-79.30585,793
2,35.91337,-79.30586,794
2,35.91354,-79.30593,795
2,35.91374,-79.30601,796
2,35.91404,-79.30614,797
2,35.91405,-79.30615,798
2,35.91421,-79.30622,799
2,35.91422,-79.30622,800
2,35.91438,-79.30629,801
2,35.91439,-79.3063,802
2,35.91455,-79.30637,803
2,35.91456,-79.30637,804
2,35.91472,-79.30644,805
2,35.91473,-79.30645,806
2,35.91475,-79.30646,807
2,35.91489,-79.30651,808
2,35.9149,-79.30651,809
2,35.91517,-79.30662,810
2,35.91522,-79.30663,811
2,35.9153,-79.30664,812
2,35.91561,-79.30667,813
2,35.91571,-79.30667,814
2,35.91582,-79.30668,815
2,35.91607,-79.30671,816
2,35.91665,-79.30678,817
2,35.91718,-79.30686,818
2,35.91775,-79.30694,819
2,35.9181,-79.30699,820
2,35.91815,-79.307,821
2,35.91851,-79.30705,822
2,35.91863,-79.30707,823
2,35.91879,-79.3071,824
2,35.91881,-79.3071,825
2,35.91895,-79.30713,826
2,35.91915,-79.30717,827
2,35.91952,-79.30724,828
2,35.91984,-79.30731,829
2,35.92001,-79.30735,830
2,35.92005,-79.30735,831
2,35.92019,-79.30738,832
2,35.92072,-79.30749,833
2,35.92083,-79.30751,834
2,35.9209,-79.30752,835
2,35.92094,-79.30753,836
2,35.92179,-79.30771,837
2,35.92196,-79.30775,838
2,35.92214,-79.3078,839
2,35.92218,-79.30781,840
2,35.92227,-79.30783,841
2,35.92248,-79.30791,842
2,35.92251,-79.30792,843
2,35.92281,-79.30806,844
2,35.9232,-79.30826,845
2,35.92353,-79.30843,846
2,35.92369,-79.30851,847
2,35.9238,-79.30857,848
2,35.92382,-79.30858,849
2,35.9253,-79.30933,850
2,35.92552,-79.30944,851
2,35.92571,-79.30954,852
2,35.92625,-79.30981,853
2,35.92672,-79.31004,854
2,35.92704,-79.31021,855
2,35.9272,-79.31029,856
2,35.92722,-79.3103,857
2,35.92748,-79.31047,858
2,35.92752,-79.3105,859
2,35.92773,-79.31066,860
2,35.92804,-79.31099,861
2,35.92837,-79.31138,862
2,35.92866,-79.31171,863
2,35.92896,-79.31207,864
2,35.92903,-79.31215,865
2,35.92917,-79.31231,866
2,35.92922,-79.31237,867
2,35.92936,-79.31253,868
2,35.92937,-79.31254,869
2,35.92943,-79.31262,870
2,35.9301,-79.31341,871
2,35.93013,-79.31345,872
2,35.93019,-79.31352,873
2,35.93079,-79.31421,874
2,35.93083,-79.31427,875
2,35.93084,-79.31428,876
2,35.93092,-79.31437,877
2,35.93097,-79.31443,878
2,35.93104,-79.31452,879
2,35.9311,-79.31459,880
2,35.93113,-79.31462,881
2,35.93119,-79.3147,882
2,35.93145,-79.31504,883
2,35.93166,-79.31533,884
2,35.93172,-79.3154,885
2,35.93178,-79.31549,886
2,35.93192,-79.31568,887
2,35.93204,-79.31585,888
2,35.9323,-79.31622,889
2,35.93255,-79.31656,890
2,35.93262,-79.31666,891
2,35.93266,-79.31671,892
2,35.93274,-79.31682,893
2,35.93286,-79.31698,894
2,35.93289,-79.31701,895
2,35.93302,-79.31719,896
2,35.93316,-79.31737,897
2,35.9335,-79.31773,898
2,35.93351,-79.31775,899
2,35.93352,-79.31775,900
2,35.93365,-79.3179,901
2,35.93391,-79.3182,902
2,35.93418,-79.31849,903
2,35.93432,-79.31864,904
2,35.93472,-79.31908,905
2,35.93477,-79.31914,906
2,35.93485,-79.31923,907
2,35.93528,-79.31972,908
2,35.93553,-79.31997,909
2,35.93561,-79.32005,910
2,35.93573,-79.32015,911
2,35.93583,-79.32023,912
2,35.936,-79.32035,913
2,35.93615,-79.32043,914
2,35.93616,-79.32044,915
2,35.9363,-79.32051,916
2,35.93642,-79.32056,917
2,35.93648,-79.32059,918
2,35.93665,-79.32065,919
2,35.93727,-79.32083,920
2,35.93744,-79.32089,921
2,35.93794,-79.32103,922
2,35.93814,-79.32109,923
2,35.93833,-79.32114,924
2,35.93849,-79.32119,925
2,35.93867,-79.32124,926
2,35.93903,-79.32135,927
2,35.93919,-79.32141,928
2,35.93936,-79.32146,929
2,35.93956,-79.32153,930
2,35.93984,-79.32161,931
2,35.93991,-79.32164,932
2,35.94008,-79.3217,933
2,35.94014,-79.32172,934
2,35.94026,-79.32175,935
2,35.94032,-79.32178,936
2,35.94054,-79.32187,937
2,35.9406,-79.3219,938
2,35.94071,-79.32196,939
2,35.94076,-79.32199,940
2,35.94081,-79.32203,941
2,35.94085,-79.32205,942
2,35.94091,-79.3221,943
2,35.94098,-79.32215,944
2,35.94106,-79.32223,945
2,35.94113,-79.32229,946
2,35.94126,-79.32243,947
2,35.94127,-79.32244,948
2,35.9414,-79.32262,949
2,35.94145,-79.32269,950
2,35.94146,-79.3227,951
2,35.94157,-79.32285,952
2,35.94158,-79.32286,953
2,35.94159,-79.32288,954
2,35.94161,-79.32291,955
2,35.94182,-79.3232,956
2,35.94185,-79.32324,957
2,35.94186,-79.32325,958
2,35.94196,-79.32342,959
2,35.94224,-79.32325,960
2,35.94256,-79.32308,961
2,35.94261,-79.32305,962
2,35.94277,-79.32296,963
2,35.9428,-79.32295,964
2,35.94293,-79.32286,965
2,35.94294,-79.32286,966
2,35.94321,-79.32268,967
2,35.94337,-79.32254,968
2,35.94358,-79.32238,969
2,35.94375,-79.32228,970
2,35.94388,-79.32221,971
2,35.94398,-79.32217,972
2,35.94406,-79.32214,973
2,35.9442,-79.3221,974
2,35.94445,-79.32206,975
2,35.94448,-79.32205,976
2,35.94486,-79.32201,977
2,35.94504,-79.32199,978
2,35.94539,-79.32195,979
2,35.94559,-79.32192,980
2,35.94567,-79.32192,981
2,35.94583,-79.3219,982
2,35.94617,-79.32186,983
2,35.94635,-79.32184,984
2,35.94653,-79.32182,985
2,35.94689,-79.32177,986
2,35.94698,-79.32176,987
2,35.94705,-79.32173,988
2,35.9471,-79.32171,989
2,35.94711,-79.3217,990
2,35.94712,-79.3217,991
2,35.94727,-79.3216,992
2,35.9474,-79.32179,993
2,35.94752,-79.32196,994
2,35.94774,-79.32224,995
2,35.94777,-79.32228,996
2,35.9479,-79.32243,997
2,35.94794,-79.32248,998
2,35.94801,-79.32255,999
2,35.94811,-79.32264,1000
2,35.94818,-79.32268,1001
2,35.94826,-79.32272,1002
2,35.94833,-79.32274,1003
2,35.94841,-79.32275,1004
2,35.94849,-79.32272,1005
2,35.94856,-79.32268,1006
2,35.94857,-79.32266,1007
2,35.94869,-79.32256,1008
2,35.94872,-79.32253,1009
2,35.94906,-79.32219,1010
2,35.94927,-79.32196,1011
2,35.94933,-79.3219,1012
2,35.94952,-79.32171,1013
2,35.94964,-79.3216,1014
2,35.9498,-79.32148,1015
2,35.94982,-79.32147,1016
2,35.94997,-79.32138,1017
2,35.94999,-79.32137,1018
2,35.95001,-79.32136,1019
2,35.95011,-79.32132,1020
2,35.95016,-79.3213,1021
2,35.95027,-79.32127,1022
2,35.95042,-79.32123,1023
2,35.95051,-79.32123,1024
2,35.95058,-79.32122,1025
2,35.95072,-79.32122,1026
2,35.95084,-79.32124,1027
2,35.95087,-79.32124,1028
2,35.95098,-79.32127,1029
2,35.95111,-79.32131,1030
2,35.95122,-79.32135,1031
2,35.95135,-79.32141,1032
2,35.95168,-79.32155,1033
2,35.95182,-79.32161,1034
2,35.95191,-79.32165,1035
2,35.95194,-79.32166,1036
2,35.95245,-79.32189,1037
2,35.95252,-79.32191,1038
2,35.95261,-79.32196,1039
2,35.95267,-79.32198,1040
2,35.95296,-79.3221,1041
2,35.95303,-79.32213,1042
2,35.95313,-79.32217,1043
2,35.95318,-79.32219,1044
2,35.95347,-79.32231,1045
2,35.95349,-79.32232,1046
2,35.95352,-79.32233,1047
2,35.95364,-79.32239,1048
2,35.95368,-79.32241,1049
2,35.95369,-79.32241,1050
2,35.95403,-79.32263,1051
2,35.95418,-79.32272,1052
2,35.95451,-79.32293,1053
2,35.95517,-79.32336,1054
2,35.95531,-79.32345,1055
2,35.95547,-79.32356,1056
2,35.95563,-79.32363,1057
2,35.95579,-79.32369,1058
2,35.95596,-79.32374,1059
2,35.95598,-79.32374,1060
2,35.95604,-79.32375,1061
2,35.95615,-79.32376,1062
2,35.95637,-79.32376,1063
2,35.95651,-79.32376,1064
2,35.9568,-79.3237,1065
2,35.95688,-79.32368,1066
2,35.9569,-79.32367,1067
2,35.95747,-79.3235,1068
2,35.9576,-79.32346,1069
2,35.95775,-79.32342,1070
2,35.95792,-79.32336,1071
2,35.95798,-79.32335,1072
2,35.95828,-79.32326,1073
2,35.95873,-79.32312,1074
2,35.95912,-79.323,1075
2,35.9593,-79.32295,1076
2,35.95946,-79.32291,1077
2,35.95947,-79.3229,1078
2,35.95965,-79.32285,1079
2,35.96052,-79.32261,1080
2,35.96082,-79.32253,1081
2,35.96085,-79.32252,1082
2,35.96155,-79.32235,1083
2,35.96187,-79.32228,1084
2,35.96219,-79.32222,1085
2,35.96261,-79.32212,1086
2,35.96272,-79.3221,1087
2,35.96288,-79.32205,1088
2,35.96289,-79.32205,1089
2,35.96307,-79.32202,1090
2,35.96333,-79.32196,1091
2,35.96343,-79.32194,1092
2,35.96361,-79.32191,1093
2,35.96377,-79.32189,1094
2,35.96398,-79.32186,1095
2,35.96414,-79.32185,1096
2,35.96419,-79.32185,1097
2,35.96443,-79.32184,1098
2,35.96475,-79.32184,1099
2,35.9649,-79.32185,1100
2,35.96502,-79.32186,1101
2,35.96527,-79.32188,1102
2,35.96581,-79.32191,1103
2,35.96613,-79.32191,1104
2,35.96643,-79.32193,1105
2,35.96667,-79.32194,1106
2,35.96685,-79.32195,1107
2,35.96697,-79.32195,1108
2,35.96721,-79.32196,1109
2,35.96743,-79.32197,1110
2,35.96757,-79.32198,1111
2,35.96768,-79.32199,1112
2,35.96775,-79.32199,1113
2,35.96783,-79.32199,1114
2,35.96786,-79.322,1115
2,35.96787,-79.322,1116
2,35.96811,-79.32202,1117
2,35.96813,-79.32202,1118
2,35.96868,-79.32208,1119
2,35.96907,-79.32215,1120
2,35.96911,-79.32215,1121
2,35.96918,-79.32217,1122
2,35.96929,-79.32219,1123
2,35.96936,-79.3222,1124
2,35.96965,-79.32226,1125
2,35.96984,-79.32229,1126
2,35.97019,-79.32236,1127
2,35.97055,-79.32243,1128
2,35.97062,-79.32245,1129
2,35.97098,-79.32251,1130
2,35.97127,-79.32257,1131
2,35.97149,-79.32261,1132
2,35.97209,-79.32272,1133
2,35.9722,-79.32275,1134
2,35.97238,-79.3228,1135
2,35.97291,-79.32293,1136
2,35.97304,-79.32301,1137
2,35.9732,-79.32308,1138
2,35.97339,-79.32318,1139
2,35.97369,-79.32337,1140
2,35.97375,-79.32342,1141
2,35.97391,-79.32352,1142
2,35.97401,-79.32359,1143
2,35.97422,-79.32375,1144
2,35.97455,-79.324,1145
2,35.97476,-79.32416,1146
2,35.97496,-79.3243,1147
2,35.97522,-79.32447,1148
2,35.97574,-79.32483,1149
2,35.97599,-79.32499,1150
2,35.97602,-79.32501,1151
2,35.97618,-79.32511,1152
2,35.97628,-79.32517,1153
2,35.97651,-79.3253,1154
2,35.97655,-79.32533,1155
2,35.97667,-79.3254,1156
2,35.97679,-79.32547,1157
2,35.97683,-79.32549,1158
2,35.97696,-79.32556,1159
2,35.977,-79.32558,1160
2,35.97711,-79.32563,1161
2,35.97716,-79.32566,1162
2,35.97734,-79.32573,1163
2,35.9775,-79.32579,1164
2,35.97764,-79.32585,1165
2,35.97768,-79.32586,1166
2,35.97785,-79.32591,1167
2,35.97804,-79.32597,1168
2,35.97848,-79.3261,1169
2,35.9785,-79.32611,1170
2,35.97855,-79.32613,1171
2,35.97856,-79.32613,1172
2,35.97871,-79.32618,1173
2,35.97884,-79.32622,1174
2,35.97887,-79.32623,1175
2,35.9789,-79.32624,1176
2,35.97912,-79.32631,1177
2,35.97935,-79.32639,1178
2,35.97952,-79.32645,1179
2,35.97956,-79.32647,1180
2,35.97959,-79.32648,1181
2,35.97971,-79.32653,1182
2,35.97974,-79.32655,1183
2,35.97987,-79.3266,1184
2,35.97993,-79.32663,1185
2,35.97996,-79.32664,1186
2,35.98005,-79.32668,1187
2,35.98007,-79.32669,1188
2,35.98022,-79.32675,1189
2,35.98031,-79.32679,1190
2,35.98039,-79.32683,1191
2,35.98055,-79.32691,1192
2,35.98058,-79.32692,1193
2,35.98061,-79.32693,1194
2,35.98069,-79.32697,1195
2,35.98072,-79.32699,1196
2,35.98085,-79.32706,1197
2,35.98091,-79.3271,1198
2,35.98093,-79.32712,1199
2,35.98104,-79.32719,1200
2,35.98109,-79.32722,1201
2,35.98137,-79.32743,1202
2,35.98166,-79.32765,1203
2,35.98208,-79.32796,1204
2,35.98212,-79.32799,1205
2,35.98214,-79.32801,1206
2,35.98217,-79.32803,1207
2,35.98225,-79.3281,1208
2,35.98227,-79.32811,1209
2,35.98249,-79.32827,1210
2,35.98274,-79.32842,1211
2,35.98298,-79.32858,1212
2,35.98339,-79.32879,1213
2,35.98367,-79.32889,1214
2,35.98375,-79.32892,1215
2,35.98394,-79.329,1216
2,35.98397,-79.32901,1217
2,35.98399,-79.32902,1218
2,35.98426,-79.32911,1219
2,35.98432,-79.32913,1220
2,35.98444,-79.32917,1221
2,35.98448,-79.32918,1222
2,35.98449,-79.32918,1223
2,35.98478,-79.32926,1224
2,35.98479,-79.32926,1225
2,35.98495,-79.3293,1226
2,35.98532,-79.3294,1227
2,35.98555,-79.32946,1228
2,35.98558,-79.32947,1229
2,35.98566,-79.32949,1230
2,35.98567,-79.32949,1231
2,35.98572,-79.32951,1232
2,35.98585,-79.32954,1233
2,35.98601,-79.32957,1234
2,35.98672,-79.3297,1235
2,35.98725,-79.32979,1236
2,35.98788,-79.32989,1237
2,35.98796,-79.3299,1238
2,35.98844,-79.32998,1239
2,35.98854,-79.33,1240
2,35.98893,-79.33008,1241
2,35.98894,-79.33008,1242
2,35.98911,-79.33012,1243
2,35.98923,-79.33015,1244
2,35.98929,-79.33016,1245
2,35.98968,-79.33026,1246
2,35.98978,-79.33029,1247
2,35.98999,-79.33034,1248
2,35.99047,-79.33047,1249
2,35.99052,-79.33048,1250
2,35.99094,-79.3306,1251
2,35.99147,-79.33074,1252
2,35.99185,-79.33084,1253
2,35.99196,-79.33087,1254
2,35.99215,-79.33091,1255
2,35.9925,-79.331,1256
2,35.99282,-79.33108,1257
2,35.99303,-79.33114,1258
2,35.99329,-79.33122,1259
2,35.99338,-79.33125,1260
2,35.99351,-79.3313,1261
2,35.99355,-79.33131,1262
2,35.99374,-79.3314,1263
2,35.99396,-79.33152,1264
2,35.99406,-79.33158,1265
2,35.99427,-79.33172,1266
2,35.99459,-79.33196,1267
2,35.99488,-79.33222,1268
2,35.99498,-79.33231,1269
2,35.99516,-79.33249,1270
2,35.9952,-79.33253,1271
2,35.99534,-79.3327,1272
2,35.9955,-79.33294,1273
2,35.99558,-79.33307,1274
2,35.99563,-79.33317,1275
2,35.99572,-79.33335,1276
2,35.99581,-79.33358,1277
2,35.99588,-79.33381,1278
2,35.99589,-79.33383,1279
2,35.99595,-79.33405,1280
2,35.99599,-79.33426,1281
2,35.99599,-79.33427,1282
2,35.99602,-79.33448,1283
2,35.99605,-79.3347,1284
2,35.99604,-79.33485,1285
2,35.99604,-79.33533,1286
2,35.99602,-79.33603,1287
2,35.99602,-79.33625,1288
2,35.99601,-79.33648,1289
2,35.996,-79.33687,1290
2,35.99599,-79.33714,1291
2,35.99599,-79.33736,1292
2,35.99599,-79.33741,1293
2,35.996,-79.33759,1294
2,35.99601,-79.33764,1295
2,35.99602,-79.33781,1296
2,35.99603,-79.33788,1297
2,35.99607,-79.33814,1298
2,35.99614,-79.33838,1299
2,35.99616,-79.33845,1300
2,35.99619,-79.33857,1301
2,35.99626,-79.33878,1302
2,35.9963,-79.33886,1303
2,35.99635,-79.33898,1304
2,35.99645,-79.33917,1305
2,35.99649,-79.33923,1306
2,35.99651,-79.33926,1307
2,35.99662,-79.33943,1308
2,35.9969,-79.33978,1309
2,35.99709,-79.33999,1310
2,35.99736,-79.34029,1311
2,35.99774,-79.34073,1312
2,35.99807,-79.34109,1313
2,35.99841,-79.34148,1314
2,35.99846,-79.34153,1315
2,35.99854,-79.34162,1316
2,35.99863,-79.34171,1317
2,35.99872,-79.34179,1318
2,35.99884,-79.34187,1319
2,35.99896,-79.34197,1320
2,35.99921,-79.34213,1321
2,35.99927,-79.34217,1322
2,35.99942,-79.34226,1323
2,35.99948,-79.34229,1324
2,35.99981,-79.34246,1325
2,35.99988,-79.3425,1326
2,35.9999,-79.34251,1327
2,35.99997,-79.34255,1328
2,36.00013,-79.34265,1329
2,36.00029,-79.34274,1330
2,36.00046,-79.34284,1331
2,36.00053,-79.34288,1332
2,36.00065,-79.34295,1333
2,36.00066,-79.34296,1334
2,36.00098,-79.34313,1335
2,36.00115,-79.34322,1336
2,36.00127,-79.34329,1337
2,36.00147,-79.34341,1338
2,36.0015,-79.34343,1339
2,36.00163,-79.34352,1340
2,36.00167,-79.34355,1341
2,36.00178,-79.34364,1342
2,36.00181,-79.34367,1343
2,36.00184,-79.34369,1344
2,36.00199,-79.34385,1345
2,36.00206,-79.34392,1346
2,36.00209,-79.34396,1347
2,36.00214,-79.34402,1348
2,36.00219,-79.34408,1349
2,36.00228,-79.3442,1350
2,36.00231,-79.34424,1351
2,36.00233,-79.34428,1352
2,36.00234,-79.34429,1353
2,36.00242,-79.34442,1354
2,36.00253,-79.34459,1355
2,36.00269,-79.34485,1356
2,36.00287,-79.34511,1357
2,36.00316,-79.34551,1358
2,36.00335,-79.34577,1359
2,36.00356,-79.34607,1360
2,36.00359,-79.3461,1361
2,36.00362,-79.34614,1362
2,36.00372,-79.34626,1363
2,36.00372,-79.34627,1364
2,36.00385,-79.34641,1365
2,36.00388,-79.34645,1366
2,36.00399,-79.34655,1367
2,36.00402,-79.34658,1368
2,36.00405,-79.34662,1369
2,36.00413,-79.34669,1370
2,36.00414,-79.34669,1371
2,36.00417,-79.34671,1372
2,36.00433,-79.34684,1373
2,36.00452,-79.34697,1374
2,36.00459,-79.34701,1375
2,36.00476,-79.34711,1376
2,36.0048,-79.34713,1377
2,36.00492,-79.34721,1378
2,36.00496,-79.34723,1379
2,36.00509,-79.3473,1380
2,36.00557,-79.34759,1381
2,36.00561,-79.34761,1382
2,36.00574,-79.34769,1383
2,36.00586,-79.34776,1384
2,36.0061,-79.34789,1385
2,36.0067,-79.34824,1386
2,36.00718,-79.3485,1387
2,36.00725,-79.34852,1388
2,36.0073,-79.34855,1389
2,36.00748,-79.34863,1390
2,36.00759,-79.34867,1391
2,36.00776,-79.34874,1392
2,36.00779,-79.34876,1393
2,36.00793,-79.34881,1394
2,36.00827,-79.34893,1395
2,36.00833,-79.34895,1396
2,36.00851,-79.34901,1397
2,36.00868,-79.34907,1398
2,36.00882,-79.34912,1399
2,36.00886,-79.34914,1400
2,36.00936,-79.34931,1401
2,36.00939,-79.34932,1402
2,36.00971,-79.34943,1403
2,36.00988,-79.3495,1404
2,36.01008,-79.34957,1405
2,36.0101,-79.34957,1406
2,36.01095,-79.34986,1407
2,36.01109,-79.3499,1408
2,36.0111,-79.3499,1409
2,36.01127,-79.34995,1410
2,36.0113,-79.34996,1411
2,36.01145,-79.34999,1412
2,36.01151,-79.35,1413
2,36.01163,-79.35002,1414
2,36.01165,-79.35002,1415
2,36.01166,-79.35002,1416
2,36.01216,-79.35008,1417
2,36.01219,-79.35008,1418
2,36.01234,-79.3501,1419
2,36.01252,-79.35011,1420
2,36.01255,-79.35012,1421
2,36.0127,-79.35013,1422
2,36.01273,-79.35014,1423
2,36.01288,-79.35015,1424
2,36.01308,-79.35017,1425
2,36.01323,-79.35019,1426
2,36.01372,-79.35026,1427
2,36.01377,-79.35027,1428
2,36.01386,-79.3503,1429
2,36.01399,-79.35035,1430
2,36.01411,-79.35042,1431
2,36.01418,-79.35048,1432
2,36.01427,-79.35053,1433
2,36.01431,-79.35055,1434
2,36.01441,-79.35063,1435
2,36.01454,-79.35074,1436
2,36.01462,-79.35083,1437
2,36.01465,-79.35086,1438
2,36.01467,-79.35088,1439
2,36.01475,-79.35098,1440
2,36.01476,-79.35098,1441
2,36.01478,-79.35102,1442
2,36.01489,-79.35118,1443
2,36.01492,-79.35123,1444
2,36.01494,-79.35126,1445
2,36.01497,-79.35133,1446
2,36.01499,-79.35137,1447
2,36.01502,-79.35143,1448
2,36.01506,-79.35152,1449
2,36.0151,-79.35161,1450
2,36.01514,-79.35173,1451
2,36.0152,-79.35193,1452
2,36.01522,-79.35197,1453
2,36.01523,-79.35201,1454
2,36.01534,-79.35241,1455
2,36.01544,-79.35282,1456
2,36.01545,-79.35285,1457
2,36.01549,-79.35299,1458
2,36.01554,-79.35317,1459
2,36.01556,-79.35324,1460
2,36.0156,-79.35336,1461
2,36.01562,-79.3534,1462
2,36.01569,-79.35356,1463
2,36.01571,-79.3536,1464
2,36.01572,-79.35363,1465
2,36.01578,-79.35375,1466
2,36.0158,-79.35378,1467
2,36.01583,-79.35384,1468
2,36.01593,-79.35399,1469
2,36.01595,-79.35402,1470
2,36.01605,-79.35416,1471
2,36.01607,-79.35418,1472
2,36.01609,-79.3542,1473
2,36.01614,-79.35426,1474
2,36.01632,-79.35445,1475
2,36.01644,-79.35458,1476
2,36.01646,-79.35459,1477
2,36.01659,-79.35473,1478
2,36.01664,-79.35477,1479
2,36.01684,-79.35498,1480
2,36.01712,-79.35526,1481
2,36.01726,-79.35541,1482
2,36.0175,-79.35565,1483
2,36.0177,-79.35587,1484
2,36.01811,-79.3563,1485
2,36.01814,-79.35633,1486
2,36.0183,-79.35651,1487
2,36.01852,-79.35679,1488
2,36.01875,-79.3571,1489
2,36.01886,-79.35728,1490
2,36.01917,-79.35778,1491
2,36.01932,-79.35801,1492
2,36.0196,-79.35848,1493
2,36.0197,-79.35866,1494
2,36.01981,-79.35884,1495
2,36.02,-79.35915,1496
2,36.02024,-79.35954,1497
2,36.02046,-79.3599,1498
2,36.02057,-79.36008,1499
2,36.02061,-79.36014,1500
2,36.02085,-79.36053,1501
2,36.02098,-79.36072,1502
2,36.02113,-79.3609,1503
2,36.02115,-79.36092,1504
2,36.02128,-79.36107,1505
2,36.02136,-79.36114,1506
2,36.02137,-79.36115,1507
2,36.02141,-79.36118,1508
2,36.02154,-79.36127,1509
2,36.02176,-79.36103,1510
2,36.0218,-79.36099,1511
2,36.02209,-79.36072,1512
2,36.02221,-79.3606,1513
2,36.02236,-79.36043,1514
2,36.0225,-79.36029,1515
2,36.02276,-79.36001,1516
2,36.02286,-79.3599,1517
2,36.0234,-79.35931,1518
2,36.02343,-79.35928,1519
2,36.02352,-79.35918,1520
2,36.02357,-79.35913,1521
2,36.0236,-79.3591,1522
2,36.0237,-79.35898,1523
2,36.02371,-79.35897,1524
2,36.02372,-79.35896,1525
2,36.02389,-79.35875,1526
2,36.02407,-79.3585,1527
2,36.02428,-79.35813,1528
2,36.0243,-79.3581,1529
2,36.02438,-79.35792,1530
2,36.02446,-79.35774,1531
2,36.02454,-79.35755,1532
2,36.02459,-79.35738,1533
2,36.0246,-79.35736,1534
