shape_id,shape_pt_lat,shape_pt_lon,shape_pt_sequence
1.2,35.15732,-83.39255,0
1.2,35.15733,-83.39208,1
1.2,35.1575,-83.39207,2
1.2,35.15765,-83.39207,3
1.2,35.15784,-83.39206,4
1.2,35.158,-83.39205,5
1.2,35.15808,-83.39207,6
1.2,35.15813,-83.39209,7
1.2,35.15817,-83.39217,8
1.2,35.15818,-83.39223,9
1.2,35.15819,-83.39234,10
1.2,35.15819,-83.39235,11
1.2,35.15818,-83.39253,12
1.2,35.15818,-83.39275,13
1.2,35.15818,-83.39337,14
1.2,35.15796,-83.39382,15
1.2,35.15791,-83.394,16
1.2,35.158,-83.39406,17
1.2,35.15804,-83.39407,18
1.2,35.1581,-83.3941,19
1.2,35.15815,-83.39412,20
1.2,35.15822,-83.39414,21
1.2,35.15833,-83.39416,22
1.2,35.15838,-83.39417,23
1.2,35.15844,-83.39416,24
1.2,35.15849,-83.39416,25
1.2,35.15857,-83.39415,26
1.2,35.15864,-83.39415,27
1.2,35.15871,-83.39414,28
1.2,35.15878,-83.39413,29
1.2,35.15894,-83.39411,30
1.2,35.15896,-83.39411,31
1.2,35.15905,-83.39409,32
1.2,35.15912,-83.39407,33
1.2,35.15913,-83.39407,34
1.2,35.15923,-83.39402,35
1.2,35.15933,-83.39412,36
1.2,35.15939,-83.39452,37
1.2,35.15942,-83.3947,38
1.2,35.15943,-83.39473,39
1.2,35.15943,-83.39477,40
1.2,35.15944,-83.39479,41
1.2,35.15947,-83.39494,42
1.2,35.1595,-83.39512,43
1.2,35.15951,-83.39515,44
1.2,35.15952,-83.3952,45
1.2,35.15953,-83.39524,46
1.2,35.15957,-83.39536,47
1.2,35.15957,-83.39537,48
1.2,35.15958,-83.3954,49
1.2,35.15959,-83.39542,50
1.2,35.15971,-83.39566,51
1.2,35.15973,-83.39572,52
1.2,35.15974,-83.39575,53
1.2,35.15976,-83.39581,54
1.2,35.15978,-83.39588,55
1.2,35.15979,-83.39596,56
1.2,35.1598,-83.396,57
1.2,35.15981,-83.39615,58
1.2,35.15981,-83.39618,59
1.2,35.15981,-83.39624,60
1.2,35.1598,-83.39641,61
1.2,35.15979,-83.39663,62
1.2,35.15979,-83.39674,63
1.2,35.15979,-83.39684,64
1.2,35.1598,-83.39688,65
1.2,35.1598,-83.39696,66
1.2,35.15981,-83.39702,67
1.2,35.15982,-83.3971,68
1.2,35.15984,-83.39717,69
1.2,35.15984,-83.39719,70
1.2,35.15986,-83.39727,71
1.2,35.1599,-83.39738,72
1.2,35.15993,-83.39747,73
1.2,35.15995,-83.39751,74
1.2,35.15998,-83.39758,75
1.2,35.15999,-83.39762,76
1.2,35.16003,-83.3977,77
1.2,35.16005,-83.39775,78
1.2,35.16007,-83.39777,79
1.2,35.16013,-83.39789,80
1.2,35.16017,-83.39795,81
1.2,35.16018,-83.39798,82
1.2,35.16023,-83.39807,83
1.2,35.16024,-83.39808,84
1.2,35.16035,-83.39824,85
1.2,35.16046,-83.39841,86
1.2,35.16056,-83.39855,87
1.2,35.16057,-83.39858,88
1.2,35.16068,-83.39876,89
1.2,35.16069,-83.39877,90
1.2,35.16086,-83.39912,91
1.2,35.16087,-83.39913,92
1.2,35.16097,-83.39931,93
1.2,35.16108,-83.39949,94
1.2,35.16118,-83.39967,95
1.2,35.16126,-83.3998,96
1.2,35.16127,-83.39982,97
1.2,35.16134,-83.39994,98
1.2,35.16137,-83.39997,99
1.2,35.16143,-83.40006,100
1.2,35.16149,-83.40013,101
1.2,35.16156,-83.40022,102
1.2,35.16162,-83.40028,103
1.2,35.16169,-83.40034,104
1.2,35.16184,-83.40046,105
1.2,35.16197,-83.40055,106
1.2,35.16208,-83.40063,107
1.2,35.16222,-83.40073,108
1.2,35.16223,-83.40074,109
1.2,35.16235,-83.40082,110
1.2,35.16243,-83.40086,111
1.2,35.16247,-83.40088,112
1.2,35.16256,-83.40093,113
1.2,35.16261,-83.40078,114
1.2,35.16268,-83.40058,115
1.2,35.1627,-83.40052,116
1.2,35.16275,-83.40038,117
1.2,35.16277,-83.4003,118
1.2,35.16281,-83.4002,119
1.2,35.16277,-83.4003,120
1.2,35.16275,-83.40038,121
1.2,35.1627,-83.40052,122
1.2,35.16268,-83.40058,123
1.2,35.16261,-83.40078,124
1.2,35.16256,-83.40093,125
1.2,35.16282,-83.40105,126
1.2,35.16299,-83.40112,127
1.2,35.1631,-83.40119,128
1.2,35.16314,-83.40123,129
1.2,35.1632,-83.40128,130
1.2,35.16324,-83.40134,131
1.2,35.16327,-83.40138,132
1.2,35.16334,-83.4015,133
1.2,35.16338,-83.40156,134
1.2,35.16349,-83.40176,135
1.2,35.16356,-83.40187,136
1.2,35.1636,-83.40193,137
1.2,35.16369,-83.40207,138
1.2,35.16372,-83.4021,139
1.2,35.16384,-83.40224,140
1.2,35.16385,-83.40225,141
1.2,35.16389,-83.40229,142
1.2,35.16398,-83.40235,143
1.2,35.16399,-83.40236,144
1.2,35.16427,-83.4025,145
1.2,35.16431,-83.40252,146
1.2,35.16432,-83.40253,147
1.2,35.1644,-83.40256,148
1.2,35.16447,-83.40261,149
1.2,35.16449,-83.40262,150
1.2,35.1645,-83.40262,151
1.2,35.16463,-83.40272,152
1.2,35.16464,-83.40273,153
1.2,35.16478,-83.40285,154
1.2,35.16479,-83.40286,155
1.2,35.1648,-83.40286,156
1.2,35.16484,-83.4029,157
1.2,35.16491,-83.40294,158
1.2,35.16495,-83.40296,159
1.2,35.165,-83.40298,160
1.2,35.16502,-83.40299,161
1.2,35.1651,-83.40301,162
1.2,35.16521,-83.40303,163
1.2,35.16531,-83.40303,164
1.2,35.16541,-83.40304,165
1.2,35.1654,-83.40289,166
1.2,35.16539,-83.40256,167
1.2,35.16538,-83.40245,168
1.2,35.16538,-83.40237,169
1.2,35.16537,-83.4022,170
1.2,35.16535,-83.40167,171
1.2,35.16534,-83.40154,172
1.2,35.16533,-83.40132,173
1.2,35.16533,-83.40123,174
1.2,35.16532,-83.4011,175
1.2,35.16532,-83.40093,176
1.2,35.16531,-83.40075,177
1.2,35.1653,-83.40066,178
1.2,35.16527,-83.4,179
1.2,35.16522,-83.39999,180
1.2,35.16519,-83.39998,181
1.2,35.16513,-83.39997,182
1.2,35.16504,-83.39997,183
1.2,35.16487,-83.39996,184
1.2,35.16426,-83.39991,185
1.2,35.16426,-83.39971,186
1.2,35.16426,-83.39956,187
1.2,35.16426,-83.39952,188
1.2,35.16426,-83.39943,189
1.2,35.16427,-83.3993,190
1.2,35.16489,-83.39937,191
1.2,35.16488,-83.39957,192
1.2,35.16487,-83.39976,193
1.2,35.16487,-83.39996,194
1.2,35.16504,-83.39997,195
1.2,35.16513,-83.39997,196
1.2,35.16519,-83.39998,197
1.2,35.16522,-83.39999,198
1.2,35.16527,-83.4,199
1.2,35.16533,-83.40002,200
1.2,35.1654,-83.40002,201
1.2,35.16586,-83.40002,202
1.2,35.16594,-83.40002,203
1.2,35.16594,-83.39994,204
1.2,35.16595,-83.39987,205
1.2,35.16597,-83.3997,206
1.2,35.16599,-83.39954,207
1.2,35.16603,-83.39937,208
1.2,35.16607,-83.39923,209
1.2,35.16609,-83.39919,210
1.2,35.16614,-83.39902,211
1.2,35.16621,-83.39884,212
1.2,35.16627,-83.39861,213
1.2,35.1663,-83.39847,214
1.2,35.16633,-83.39827,215
1.2,35.16633,-83.39818,216
1.2,35.16633,-83.39807,217
1.2,35.16633,-83.39783,218
1.2,35.16632,-83.39769,219
1.2,35.16631,-83.3976,220
1.2,35.16631,-83.39751,221
1.2,35.16631,-83.39739,222
1.2,35.1663,-83.39717,223
1.2,35.1663,-83.39712,224
1.2,35.1663,-83.39702,225
1.2,35.16629,-83.39688,226
1.2,35.16628,-83.39666,227
1.2,35.16627,-83.39645,228
1.2,35.16624,-83.39584,229
1.2,35.1662,-83.39521,230
1.2,35.16618,-83.39499,231
1.2,35.16617,-83.39477,232
1.2,35.16613,-83.39411,233
1.2,35.16611,-83.39383,234
1.2,35.1661,-83.39361,235
1.2,35.16608,-83.3934,236
1.2,35.16608,-83.39328,237
1.2,35.16606,-83.39287,238
1.2,35.16604,-83.39262,239
1.2,35.16601,-83.39252,240
1.2,35.16601,-83.39249,241
1.2,35.16596,-83.39236,242
1.2,35.16593,-83.3923,243
1.2,35.1659,-83.39225,244
1.2,35.16584,-83.39217,245
1.2,35.16576,-83.39209,246
1.2,35.16566,-83.39199,247
1.2,35.16562,-83.39194,248
1.2,35.16557,-83.39187,249
1.2,35.16554,-83.39187,250
1.2,35.16552,-83.39187,251
1.2,35.1655,-83.39186,252
1.2,35.16547,-83.39182,253
1.2,35.16545,-83.3918,254
1.2,35.16542,-83.39176,255
1.2,35.16538,-83.39172,256
1.2,35.16536,-83.39167,257
1.2,35.16534,-83.39164,258
1.2,35.16533,-83.3916,259
1.2,35.16529,-83.39149,260
1.2,35.16525,-83.39138,261
1.2,35.16487,-83.39147,262
1.2,35.16473,-83.39149,263
1.2,35.16449,-83.39155,264
1.2,35.16431,-83.39158,265
1.2,35.16411,-83.39161,266
1.2,35.16392,-83.39164,267
1.2,35.16374,-83.39166,268
1.2,35.16373,-83.39151,269
1.2,35.16374,-83.39139,270
1.2,35.16373,-83.39129,271
1.2,35.16374,-83.39122,272
1.2,35.16375,-83.39117,273
1.2,35.16377,-83.39107,274
1.2,35.16377,-83.39106,275
1.2,35.16383,-83.39099,276
1.2,35.16389,-83.39092,277
1.2,35.16401,-83.39078,278
1.2,35.16408,-83.39069,279
1.2,35.1642,-83.39053,280
1.2,35.1643,-83.3904,281
1.2,35.16432,-83.39037,282
1.2,35.16433,-83.39035,283
1.2,35.16442,-83.39018,284
1.2,35.16448,-83.39,285
1.2,35.16449,-83.38997,286
1.2,35.16451,-83.38981,287
1.2,35.16451,-83.3898,288
1.2,35.16452,-83.38976,289
1.2,35.16452,-83.38975,290
1.2,35.16452,-83.38974,291
1.2,35.16457,-83.38933,292
1.2,35.16458,-83.38929,293
1.2,35.16459,-83.38916,294
1.2,35.16459,-83.38915,295
1.2,35.16461,-83.38896,296
1.2,35.16466,-83.38845,297
1.2,35.16468,-83.38829,298
1.2,35.16468,-83.38828,299
1.2,35.16468,-83.38824,300
1.2,35.1647,-83.38806,301
1.2,35.16474,-83.38763,302
1.2,35.16474,-83.38762,303
1.2,35.16475,-83.38758,304
1.2,35.16476,-83.3874,305
1.2,35.16481,-83.38697,306
1.2,35.16481,-83.38693,307
1.2,35.16485,-83.38654,308
1.2,35.1649,-83.38609,309
1.2,35.16492,-83.38587,310
1.2,35.16493,-83.38579,311
1.2,35.16493,-83.38565,312
1.2,35.16493,-83.3855,313
1.2,35.16493,-83.38544,314
1.2,35.16492,-83.38522,315
1.2,35.16492,-83.3852,316
1.2,35.16488,-83.385,317
1.2,35.16485,-83.38478,318
1.2,35.16484,-83.38475,319
1.2,35.16476,-83.3843,320
1.2,35.16472,-83.38413,321
1.2,35.16469,-83.38401,322
1.2,35.16466,-83.38392,323
1.2,35.16465,-83.38388,324
1.2,35.1646,-83.38376,325
1.2,35.16459,-83.38374,326
1.2,35.16458,-83.38372,327
1.2,35.16453,-83.38364,328
1.2,35.16445,-83.38354,329
1.2,35.16436,-83.38346,330
1.2,35.16431,-83.38344,331
1.2,35.16425,-83.3834,332
1.2,35.16416,-83.38336,333
1.2,35.16415,-83.38335,334
1.2,35.16381,-83.3832,335
1.2,35.16366,-83.38313,336
1.2,35.16364,-83.38312,337
1.2,35.16354,-83.38307,338
1.2,35.16348,-83.38303,339
1.2,35.16333,-83.38294,340
1.2,35.16333,-83.38293,341
1.2,35.16332,-83.38293,342
1.2,35.16317,-83.38281,343
1.2,35.16302,-83.38269,344
1.2,35.16287,-83.38256,345
1.2,35.16274,-83.38245,346
1.2,35.16272,-83.38243,347
1.2,35.16263,-83.38235,348
1.2,35.16259,-83.38232,349
1.2,35.16258,-83.3823,350
1.2,35.16244,-83.38217,351
1.2,35.1623,-83.38204,352
1.2,35.16217,-83.38187,353
1.2,35.1621,-83.38179,354
1.2,35.16206,-83.38172,355
1.2,35.16191,-83.38145,356
1.2,35.16174,-83.38108,357
1.2,35.1617,-83.38098,358
1.2,35.16166,-83.38088,359
1.2,35.16161,-83.38074,360
1.2,35.16154,-83.38047,361
1.2,35.16149,-83.38049,362
1.2,35.16135,-83.38055,363
1.2,35.16131,-83.38056,364
1.2,35.16114,-83.3806,365
1.2,35.16102,-83.38062,366
1.2,35.16096,-83.38061,367
1.2,35.16069,-83.38058,368
1.2,35.1606,-83.38056,369
1.2,35.16049,-83.38052,370
1.2,35.16039,-83.38048,371
1.2,35.16038,-83.38047,372
1.2,35.16033,-83.38068,373
1.2,35.16032,-83.38071,374
1.2,35.16029,-83.38081,375
1.2,35.16023,-83.38085,376
1.2,35.16022,-83.38086,377
1.2,35.16014,-83.38088,378
1.2,35.16002,-83.38091,379
1.2,35.16002,-83.38092,380
1.2,35.16002,-83.38093,381
1.2,35.16002,-83.38094,382
1.2,35.16002,-83.38095,383
1.2,35.16001,-83.38096,384
1.2,35.16001,-83.38097,385
1.2,35.16001,-83.38098,386
1.2,35.16001,-83.38099,387
1.2,35.16001,-83.381,388
1.2,35.16,-83.381,389
1.2,35.16,-83.38101,390
1.2,35.15999,-83.38102,391
1.2,35.15999,-83.38103,392
1.2,35.15998,-83.38103,393
1.2,35.15998,-83.38104,394
1.2,35.15997,-83.38104,395
1.2,35.15997,-83.38105,396
1.2,35.15996,-83.38105,397
1.2,35.15996,-83.38106,398
1.2,35.15995,-83.38106,399
1.2,35.15994,-83.38107,400
1.2,35.15993,-83.38107,401
1.2,35.15993,-83.38108,402
1.2,35.15992,-83.38108,403
1.2,35.15991,-83.38109,404
1.2,35.1599,-83.38109,405
1.2,35.15988,-83.38125,406
1.2,35.15983,-83.38132,407
1.2,35.1597,-83.3814,408
1.2,35.15966,-83.38141,409
1.2,35.1596,-83.38145,410
1.2,35.15915,-83.38161,411
1.2,35.15898,-83.38168,412
1.2,35.15892,-83.3817,413
1.2,35.15879,-83.38175,414
1.2,35.15873,-83.38181,415
1.2,35.15871,-83.38184,416
1.2,35.15871,-83.38192,417
1.2,35.15877,-83.3821,418
1.2,35.15884,-83.38216,419
1.2,35.15892,-83.38217,420
1.2,35.15884,-83.38216,421
1.2,35.15877,-83.3821,422
1.2,35.15871,-83.38192,423
1.2,35.15871,-83.38184,424
1.2,35.15873,-83.38181,425
1.2,35.15879,-83.38175,426
1.2,35.15892,-83.3817,427
1.2,35.15898,-83.38168,428
1.2,35.15915,-83.38161,429
1.2,35.1596,-83.38145,430
1.2,35.15966,-83.38141,431
1.2,35.1597,-83.3814,432
1.2,35.15983,-83.38132,433
1.2,35.15988,-83.38125,434
1.2,35.1599,-83.38109,435
1.2,35.15991,-83.38109,436
1.2,35.15992,-83.38108,437
1.2,35.15993,-83.38108,438
1.2,35.15993,-83.38107,439
1.2,35.15994,-83.38107,440
1.2,35.15995,-83.38106,441
1.2,35.15996,-83.38106,442
1.2,35.15996,-83.38105,443
1.2,35.15997,-83.38105,444
1.2,35.15997,-83.38104,445
1.2,35.15998,-83.38104,446
1.2,35.15998,-83.38103,447
1.2,35.15999,-83.38103,448
1.2,35.15999,-83.38102,449
1.2,35.16,-83.38101,450
1.2,35.16,-83.381,451
1.2,35.16001,-83.381,452
1.2,35.16001,-83.38099,453
1.2,35.16001,-83.38098,454
1.2,35.16001,-83.38097,455
1.2,35.16001,-83.38096,456
1.2,35.16002,-83.38095,457
1.2,35.16002,-83.38094,458
1.2,35.16002,-83.38093,459
1.2,35.16002,-83.38092,460
1.2,35.16002,-83.38091,461
1.2,35.16014,-83.38088,462
1.2,35.16022,-83.38086,463
1.2,35.16023,-83.38085,464
1.2,35.16029,-83.38081,465
1.2,35.16032,-83.38071,466
1.2,35.16033,-83.38068,467
1.2,35.16038,-83.38047,468
1.2,35.16039,-83.38048,469
1.2,35.16049,-83.38052,470
1.2,35.1606,-83.38056,471
1.2,35.16069,-83.38058,472
1.2,35.16096,-83.38061,473
1.2,35.16102,-83.38062,474
1.2,35.16114,-83.3806,475
1.2,35.16131,-83.38056,476
1.2,35.16135,-83.38055,477
1.2,35.16149,-83.38049,478
1.2,35.16154,-83.38047,479
1.2,35.16149,-83.38028,480
1.2,35.16148,-83.38015,481
1.2,35.16145,-83.37992,482
1.2,35.16144,-83.37975,483
1.2,35.16144,-83.37969,484
1.2,35.16144,-83.37933,485
1.2,35.16146,-83.3791,486
1.2,35.16147,-83.37901,487
1.2,35.16148,-83.37888,488
1.2,35.1615,-83.37866,489
1.2,35.16152,-83.37844,490
1.2,35.16154,-83.37822,491
1.2,35.16156,-83.378,492
1.2,35.16157,-83.37789,493
1.2,35.16157,-83.37778,494
1.2,35.16157,-83.37757,495
1.2,35.16157,-83.37756,496
1.2,35.16157,-83.37734,497
1.2,35.16157,-83.3773,498
1.2,35.16157,-83.37713,499
1.2,35.16157,-83.37712,500
1.2,35.16156,-83.37691,501
1.2,35.16156,-83.3769,502
1.2,35.16156,-83.37678,503
1.2,35.16155,-83.37669,504
1.2,35.16155,-83.37668,505
1.2,35.16152,-83.37625,506
1.2,35.16152,-83.3762,507
1.2,35.16151,-83.376,508
1.2,35.16151,-83.37598,509
1.2,35.16149,-83.37576,510
1.2,35.16149,-83.37561,511
1.2,35.16149,-83.37539,512
1.2,35.16148,-83.37517,513
1.2,35.16148,-83.37495,514
1.2,35.16148,-83.37477,515
1.2,35.16148,-83.37473,516
1.2,35.16149,-83.37451,517
1.2,35.16149,-83.37429,518
1.2,35.1615,-83.37415,519
1.2,35.16151,-83.37407,520
1.2,35.16154,-83.37385,521
1.2,35.16155,-83.37379,522
1.2,35.16159,-83.37364,523
1.2,35.16163,-83.37348,524
1.2,35.16165,-83.37343,525
1.2,35.16172,-83.37323,526
1.2,35.16175,-83.37316,527
1.2,35.16183,-83.37295,528
1.2,35.16193,-83.37276,529
1.2,35.16209,-83.37248,530
1.2,35.16214,-83.3724,531
1.2,35.16227,-83.37226,532
1.2,35.16246,-83.37204,533
1.2,35.16248,-83.37203,534
1.2,35.16263,-83.3719,535
1.2,35.16268,-83.37186,536
1.2,35.16278,-83.37179,537
1.2,35.16285,-83.37174,538
1.2,35.16294,-83.37169,539
1.2,35.16303,-83.37163,540
1.2,35.16326,-83.37149,541
1.2,35.16343,-83.37136,542
1.2,35.16357,-83.37124,543
1.2,35.16362,-83.37119,544
1.2,35.16376,-83.37103,545
1.2,35.1639,-83.37084,546
1.2,35.164,-83.37071,547
1.2,35.16405,-83.37063,548
1.2,35.16421,-83.37034,549
1.2,35.1643,-83.37018,550
1.2,35.16431,-83.37012,551
1.2,35.16445,-83.36986,552
1.2,35.16447,-83.36979,553
1.2,35.16451,-83.36967,554
1.2,35.1645,-83.36964,555
1.2,35.16449,-83.36962,556
1.2,35.16449,-83.36959,557
1.2,35.16449,-83.36956,558
1.2,35.1645,-83.36953,559
1.2,35.1645,-83.36951,560
1.2,35.16451,-83.36949,561
1.2,35.16451,-83.36948,562
1.2,35.16452,-83.36947,563
1.2,35.16453,-83.36946,564
1.2,35.16454,-83.36945,565
1.2,35.16455,-83.36944,566
1.2,35.16456,-83.36944,567
1.2,35.16456,-83.36943,568
1.2,35.16457,-83.36943,569
1.2,35.16458,-83.36942,570
1.2,35.16459,-83.36942,571
1.2,35.1646,-83.36941,572
1.2,35.16461,-83.36941,573
1.2,35.16463,-83.3694,574
1.2,35.16473,-83.36934,575
1.2,35.16482,-83.36918,576
1.2,35.16489,-83.36914,577
1.2,35.16498,-83.36895,578
1.2,35.16503,-83.36886,579
1.2,35.16508,-83.36877,580
1.2,35.16519,-83.36859,581
1.2,35.1652,-83.36858,582
1.2,35.16528,-83.36848,583
1.2,35.16532,-83.36843,584
1.2,35.16533,-83.36843,585
1.2,35.16544,-83.36836,586
1.2,35.16547,-83.36833,587
1.2,35.16548,-83.36833,588
1.2,35.16552,-83.36832,589
1.2,35.16561,-83.36829,590
1.2,35.16565,-83.36828,591
1.2,35.16567,-83.36828,592
1.2,35.16575,-83.36828,593
1.2,35.16581,-83.3683,594
1.2,35.16581,-83.36825,595
1.2,35.16582,-83.36819,596
1.2,35.16583,-83.36813,597
1.2,35.16584,-83.36809,598
1.2,35.16585,-83.36805,599
1.2,35.16587,-83.36801,600
1.2,35.16592,-83.36791,601
1.2,35.16599,-83.36779,602
1.2,35.16599,-83.36777,603
1.2,35.16606,-83.36764,604
1.2,35.16608,-83.3676,605
1.2,35.16609,-83.36758,606
1.2,35.1661,-83.36756,607
1.2,35.16611,-83.36753,608
1.2,35.16612,-83.36749,609
1.2,35.16612,-83.36746,610
1.2,35.16613,-83.3674,611
1.2,35.16615,-83.3673,612
1.2,35.16616,-83.36722,613
1.2,35.16616,-83.36719,614
1.2,35.16616,-83.36712,615
1.2,35.16617,-83.36706,616
1.2,35.16617,-83.36698,617
1.2,35.16618,-83.36692,618
1.2,35.1662,-83.36685,619
1.2,35.16625,-83.36676,620
1.2,35.16629,-83.36667,621
1.2,35.16632,-83.3666,622
1.2,35.16634,-83.36656,623
1.2,35.16634,-83.36654,624
1.2,35.16636,-83.36647,625
1.2,35.16637,-83.36639,626
1.2,35.16637,-83.36638,627
1.2,35.16637,-83.36632,628
1.2,35.16636,-83.36623,629
1.2,35.16636,-83.36619,630
1.2,35.16636,-83.36614,631
1.2,35.16637,-83.36603,632
1.2,35.1664,-83.36592,633
1.2,35.16642,-83.36581,634
1.2,35.16648,-83.36571,635
1.2,35.16657,-83.36554,636
1.2,35.16648,-83.36571,637
1.2,35.16642,-83.36581,638
1.2,35.1664,-83.36592,639
1.2,35.16655,-83.36602,640
1.2,35.1666,-83.36606,641
1.2,35.16669,-83.36614,642
1.2,35.1667,-83.36615,643
1.2,35.16684,-83.36627,644
1.2,35.16696,-83.36636,645
1.2,35.16721,-83.36656,646
1.2,35.16727,-83.3666,647
1.2,35.16729,-83.36662,648
1.2,35.16739,-83.36673,649
1.2,35.16742,-83.36677,650
1.2,35.16744,-83.3668,651
1.2,35.16747,-83.36685,652
1.2,35.16748,-83.36691,653
1.2,35.16749,-83.36697,654
1.2,35.1675,-83.36701,655
1.2,35.16749,-83.36713,656
1.2,35.16748,-83.36718,657
1.2,35.16747,-83.36724,658
1.2,35.16745,-83.36734,659
1.2,35.16742,-83.36741,660
1.2,35.16741,-83.36746,661
1.2,35.16741,-83.36752,662
1.2,35.16742,-83.36756,663
1.2,35.16743,-83.36761,664
1.2,35.16753,-83.36779,665
1.2,35.16758,-83.36789,666
1.2,35.16765,-83.36783,667
1.2,35.16782,-83.36771,668
1.2,35.1679,-83.36764,669
1.2,35.16794,-83.36761,670
1.2,35.168,-83.36755,671
1.2,35.16801,-83.36753,672
1.2,35.16804,-83.36751,673
1.2,35.1681,-83.36743,674
1.2,35.1682,-83.36729,675
1.2,35.16825,-83.36721,676
1.2,35.16831,-83.36712,677
1.2,35.16836,-83.36704,678
1.2,35.1684,-83.36697,679
1.2,35.16856,-83.36668,680
1.2,35.16879,-83.36624,681
1.2,35.16905,-83.36575,682
1.2,35.16908,-83.36569,683
1.2,35.16915,-83.36556,684
1.2,35.16928,-83.3653,685
1.2,35.16937,-83.36533,686
1.2,35.16955,-83.36537,687
1.2,35.16972,-83.36541,688
1.2,35.16981,-83.36542,689
1.2,35.16998,-83.36546,690
1.2,35.17003,-83.36547,691
1.2,35.17004,-83.36547,692
1.2,35.17019,-83.36551,693
1.2,35.17024,-83.36553,694
1.2,35.17025,-83.36553,695
1.2,35.17028,-83.36555,696
1.2,35.17042,-83.36561,697
1.2,35.1705,-83.36566,698
1.2,35.17058,-83.36572,699
1.2,35.17067,-83.36579,700
1.2,35.17074,-83.36587,701
1.2,35.17082,-83.36595,702
1.2,35.17092,-83.36609,703
1.2,35.17094,-83.36611,704
1.2,35.17103,-83.36631,705
1.2,35.17114,-83.36655,706
1.2,35.17118,-83.36668,707
1.2,35.17118,-83.36669,708
1.2,35.17145,-83.36755,709
1.2,35.17154,-83.36786,710
1.2,35.17169,-83.36819,711
1.2,35.17178,-83.36832,712
1.2,35.17192,-83.3685,713
1.2,35.17203,-83.36863,714
1.2,35.17223,-83.36877,715
1.2,35.173,-83.36916,716
1.2,35.17314,-83.36924,717
1.2,35.17328,-83.36934,718
1.2,35.17333,-83.36938,719
1.2,35.17339,-83.36943,720
1.2,35.17349,-83.36953,721
1.2,35.17355,-83.36961,722
1.2,35.17364,-83.36972,723
1.2,35.17378,-83.3699,724
1.2,35.17379,-83.36992,725
1.2,35.17384,-83.37002,726
1.2,35.17396,-83.37026,727
1.2,35.17406,-83.37048,728
1.2,35.17418,-83.37076,729
1.2,35.17422,-83.37086,730
1.2,35.17426,-83.37096,731
1.2,35.17432,-83.3711,732
1.2,35.17439,-83.37125,733
1.2,35.1744,-83.37126,734
1.2,35.17445,-83.37138,735
1.2,35.1746,-83.37177,736
1.2,35.17479,-83.37222,737
1.2,35.17485,-83.37236,738
1.2,35.17489,-83.37246,739
1.2,35.17517,-83.37321,740
1.2,35.17521,-83.37333,741
1.2,35.17524,-83.37342,742
1.2,35.17529,-83.37358,743
1.2,35.17532,-83.37368,744
1.2,35.17536,-83.37378,745
1.2,35.17544,-83.37398,746
1.2,35.17549,-83.37413,747
1.2,35.17551,-83.37418,748
1.2,35.17554,-83.3743,749
1.2,35.17556,-83.37439,750
1.2,35.17558,-83.37449,751
1.2,35.1756,-83.37461,752
1.2,35.17561,-83.37482,753
1.2,35.17561,-83.37485,754
1.2,35.17561,-83.37548,755
1.2,35.17561,-83.37555,756
1.2,35.17562,-83.3762,757
1.2,35.17562,-83.37621,758
1.2,35.17561,-83.37636,759
1.2,35.17561,-83.37639,760
1.2,35.17561,-83.37643,761
1.2,35.17559,-83.37675,762
1.2,35.17558,-83.37688,763
1.2,35.17551,-83.37676,764
1.2,35.17547,-83.3767,765
1.2,35.17537,-83.37652,766
1.2,35.17528,-83.37637,767
1.2,35.17526,-83.37635,768
1.2,35.17517,-83.37625,769
1.2,35.17512,-83.3762,770
1.2,35.17509,-83.37618,771
1.2,35.175,-83.37613,772
1.2,35.17496,-83.37611,773
1.2,35.17492,-83.37609,774
1.2,35.17482,-83.37606,775
1.2,35.17478,-83.37606,776
1.2,35.17455,-83.376,777
1.2,35.17456,-83.37622,778
1.2,35.17457,-83.37648,779
1.2,35.17457,-83.37669,780
1.2,35.17455,-83.37679,781
1.2,35.17454,-83.37688,782
1.2,35.1745,-83.3771,783
1.2,35.17445,-83.37733,784
1.2,35.17434,-83.37725,785
1.2,35.17429,-83.37723,786
1.2,35.17421,-83.37722,787
1.2,35.17416,-83.37723,788
1.2,35.17405,-83.37727,789
1.2,35.17399,-83.37729,790
1.2,35.17389,-83.37732,791
1.2,35.17384,-83.37734,792
1.2,35.17382,-83.37734,793
1.2,35.17379,-83.37735,794
1.2,35.17374,-83.37734,795
1.2,35.17367,-83.3773,796
1.2,35.17363,-83.37725,797
1.2,35.17358,-83.37716,798
1.2,35.17354,-83.3771,799
1.2,35.17345,-83.37717,800
1.2,35.17311,-83.37747,801
1.2,35.17345,-83.37717,802
1.2,35.17354,-83.3771,803
1.2,35.17358,-83.37716,804
1.2,35.17363,-83.37725,805
1.2,35.17367,-83.3773,806
1.2,35.17374,-83.37734,807
1.2,35.17379,-83.37735,808
1.2,35.17382,-83.37734,809
1.2,35.17384,-83.37734,810
1.2,35.17389,-83.37732,811
1.2,35.17399,-83.37729,812
1.2,35.17405,-83.37727,813
1.2,35.17416,-83.37723,814
1.2,35.17421,-83.37722,815
1.2,35.17429,-83.37723,816
1.2,35.17434,-83.37725,817
1.2,35.17445,-83.37733,818
1.2,35.1745,-83.3771,819
1.2,35.17454,-83.37688,820
1.2,35.17455,-83.37679,821
1.2,35.17457,-83.37669,822
1.2,35.17457,-83.37648,823
1.2,35.17456,-83.37622,824
1.2,35.17455,-83.376,825
1.2,35.17453,-83.37579,826
1.2,35.17452,-83.37565,827
1.2,35.17451,-83.37557,828
1.2,35.17449,-83.37535,829
1.2,35.17447,-83.37513,830
1.2,35.17447,-83.37508,831
1.2,35.17446,-83.375,832
1.2,35.17444,-83.37469,833
1.2,35.17442,-83.37452,834
1.2,35.17441,-83.37447,835
1.2,35.1744,-83.37442,836
1.2,35.17439,-83.37434,837
1.2,35.17437,-83.37426,838
1.2,35.17434,-83.3741,839
1.2,35.17432,-83.37405,840
1.2,35.1743,-83.374,841
1.2,35.17425,-83.37385,842
1.2,35.17402,-83.37325,843
1.2,35.17401,-83.3732,844
1.2,35.17393,-83.373,845
1.2,35.17388,-83.37285,846
1.2,35.1738,-83.37265,847
1.2,35.17374,-83.37247,848
1.2,35.17371,-83.37242,849
1.2,35.17367,-83.37235,850
1.2,35.17385,-83.3722,851
1.2,35.17409,-83.37204,852
1.2,35.17414,-83.37202,853
1.2,35.17416,-83.37201,854
1.2,35.17429,-83.37194,855
1.2,35.1743,-83.37193,856
1.2,35.1746,-83.37177,857
1.2,35.17445,-83.37138,858
1.2,35.1744,-83.37126,859
1.2,35.17439,-83.37125,860
1.2,35.17432,-83.3711,861
1.2,35.17426,-83.37096,862
1.2,35.17422,-83.37086,863
1.2,35.17418,-83.37076,864
1.2,35.17406,-83.37048,865
1.2,35.17396,-83.37026,866
1.2,35.17384,-83.37002,867
1.2,35.17379,-83.36992,868
1.2,35.17378,-83.3699,869
1.2,35.17364,-83.36972,870
1.2,35.17355,-83.36961,871
1.2,35.17349,-83.36953,872
1.2,35.17339,-83.36943,873
1.2,35.17333,-83.36938,874
1.2,35.17328,-83.36934,875
1.2,35.17314,-83.36924,876
1.2,35.173,-83.36916,877
1.2,35.17223,-83.36877,878
1.2,35.17203,-83.36863,879
1.2,35.17192,-83.3685,880
1.2,35.17178,-83.36832,881
1.2,35.17169,-83.36819,882
1.2,35.17154,-83.36786,883
1.2,35.17145,-83.36755,884
1.2,35.17118,-83.36669,885
1.2,35.17118,-83.36668,886
1.2,35.17114,-83.36655,887
1.2,35.17103,-83.36631,888
1.2,35.17094,-83.36611,889
1.2,35.17092,-83.36609,890
1.2,35.17082,-83.36595,891
1.2,35.17074,-83.36587,892
1.2,35.17067,-83.36579,893
1.2,35.17058,-83.36572,894
1.2,35.1705,-83.36566,895
1.2,35.17042,-83.36561,896
1.2,35.17028,-83.36555,897
1.2,35.17025,-83.36553,898
1.2,35.17024,-83.36553,899
1.2,35.17004,-83.36547,900
1.2,35.17003,-83.36547,901
1.2,35.16998,-83.36546,902
1.2,35.16981,-83.36542,903
1.2,35.16955,-83.36537,904
1.2,35.16937,-83.36533,905
1.2,35.16928,-83.3653,906
1.2,35.16915,-83.36556,907
1.2,35.16908,-83.36569,908
1.2,35.16905,-83.36575,909
1.2,35.16879,-83.36624,910
1.2,35.16856,-83.36668,911
1.2,35.1684,-83.36697,912
1.2,35.16836,-83.36704,913
1.2,35.16831,-83.36712,914
1.2,35.16825,-83.36721,915
1.2,35.1682,-83.36729,916
1.2,35.1681,-83.36743,917
1.2,35.16804,-83.36751,918
1.2,35.16801,-83.36753,919
1.2,35.168,-83.36755,920
1.2,35.16794,-83.36761,921
1.2,35.1679,-83.36764,922
1.2,35.16782,-83.36771,923
1.2,35.16765,-83.36783,924
1.2,35.16758,-83.36789,925
1.2,35.16747,-83.36798,926
1.2,35.16741,-83.36803,927
1.2,35.16726,-83.36816,928
1.2,35.16712,-83.3683,929
1.2,35.16685,-83.36854,930
1.2,35.16683,-83.36855,931
1.2,35.16681,-83.36857,932
1.2,35.16678,-83.36859,933
1.2,35.16665,-83.36863,934
1.2,35.16653,-83.36863,935
1.2,35.16652,-83.36863,936
1.2,35.16643,-83.36863,937
1.2,35.16635,-83.36861,938
1.2,35.16628,-83.36858,939
1.2,35.16627,-83.36858,940
1.2,35.16612,-83.36847,941
1.2,35.16607,-83.36845,942
1.2,35.16598,-83.36839,943
1.2,35.16596,-83.36838,944
1.2,35.16582,-83.3683,945
1.2,35.16581,-83.3683,946
1.2,35.16575,-83.36828,947
1.2,35.16567,-83.36828,948
1.2,35.16565,-83.36828,949
1.2,35.16561,-83.36829,950
1.2,35.16552,-83.36832,951
1.2,35.16548,-83.36833,952
1.2,35.16547,-83.36833,953
1.2,35.16544,-83.36836,954
1.2,35.16533,-83.36843,955
1.2,35.16532,-83.36843,956
1.2,35.16528,-83.36848,957
1.2,35.1652,-83.36858,958
1.2,35.16519,-83.36859,959
1.2,35.16508,-83.36877,960
1.2,35.16503,-83.36886,961
1.2,35.16498,-83.36895,962
1.2,35.16489,-83.36914,963
1.2,35.16489,-83.36921,964
1.2,35.16482,-83.36934,965
1.2,35.16478,-83.36943,966
1.2,35.16478,-83.36949,967
1.2,35.16478,-83.36951,968
1.2,35.16478,-83.36952,969
1.2,35.16478,-83.36953,970
1.2,35.16479,-83.36954,971
1.2,35.16479,-83.36955,972
1.2,35.16479,-83.36956,973
1.2,35.16479,-83.36957,974
1.2,35.16479,-83.36958,975
1.2,35.16479,-83.36959,976
1.2,35.16479,-83.3696,977
1.2,35.16479,-83.36962,978
1.2,35.16479,-83.36963,979
1.2,35.16479,-83.36964,980
1.2,35.16503,-83.36985,981
1.2,35.16524,-83.37003,982
1.2,35.16539,-83.37014,983
1.2,35.16547,-83.37021,984
1.2,35.1655,-83.37023,985
1.2,35.16561,-83.37033,986
1.2,35.16581,-83.3705,987
1.2,35.16596,-83.37062,988
1.2,35.16625,-83.37027,989
1.2,35.16639,-83.3701,990
1.2,35.16652,-83.36994,991
1.2,35.16665,-83.36979,992
1.2,35.16691,-83.36948,993
1.2,35.16704,-83.36933,994
1.2,35.16717,-83.36918,995
1.2,35.16729,-83.36902,996
1.2,35.16736,-83.36894,997
1.2,35.16781,-83.36841,998
1.2,35.16815,-83.36802,999
1.2,35.16846,-83.36764,1000
1.2,35.16869,-83.36736,1001
1.2,35.16891,-83.36707,1002
1.2,35.16896,-83.36701,1003
1.2,35.16907,-83.36686,1004
1.2,35.16923,-83.36665,1005
1.2,35.16944,-83.36636,1006
1.2,35.16984,-83.36579,1007
1.2,35.17006,-83.36546,1008
1.2,35.17027,-83.36513,1009
1.2,35.17046,-83.36484,1010
1.2,35.17075,-83.36434,1011
1.2,35.17081,-83.36423,1012
1.2,35.17092,-83.36405,1013
1.2,35.17103,-83.36386,1014
1.2,35.17119,-83.36356,1015
1.2,35.17131,-83.36332,1016
1.2,35.17157,-83.36278,1017
1.2,35.17159,-83.36275,1018
1.2,35.17174,-83.36243,1019
1.2,35.17204,-83.3618,1020
1.2,35.17228,-83.36129,1021
1.2,35.17258,-83.36067,1022
1.2,35.17264,-83.36054,1023
1.2,35.17268,-83.36046,1024
1.2,35.17274,-83.36036,1025
1.2,35.17277,-83.36029,1026
1.2,35.17286,-83.36014,1027
1.2,35.17306,-83.35983,1028
1.2,35.17314,-83.35971,1029
1.2,35.17318,-83.35966,1030
1.2,35.17321,-83.35961,1031
1.2,35.17329,-83.35951,1032
1.2,35.17337,-83.3594,1033
1.2,35.17352,-83.35922,1034
1.2,35.17368,-83.35903,1035
1.2,35.17369,-83.35902,1036
1.2,35.17382,-83.35888,1037
1.2,35.174,-83.35869,1038
1.2,35.17415,-83.35855,1039
1.2,35.17438,-83.35834,1040
1.2,35.17461,-83.35814,1041
1.2,35.17483,-83.35798,1042
1.2,35.17506,-83.35783,1043
1.2,35.17539,-83.35763,1044
1.2,35.17547,-83.35758,1045
1.2,35.17587,-83.35738,1046
1.2,35.17606,-83.3573,1047
1.2,35.17638,-83.35718,1048
1.2,35.17658,-83.35711,1049
1.2,35.17682,-83.35704,1050
1.2,35.17709,-83.35697,1051
1.2,35.17748,-83.35691,1052
1.2,35.17791,-83.35684,1053
1.2,35.17881,-83.35671,1054
1.2,35.1791,-83.35666,1055
1.2,35.17961,-83.35662,1056
1.2,35.18012,-83.35661,1057
1.2,35.18033,-83.35661,1058
1.2,35.18087,-83.35664,1059
1.2,35.18122,-83.35668,1060
1.2,35.18163,-83.35673,1061
1.2,35.18183,-83.35677,1062
1.2,35.18212,-83.35683,1063
1.2,35.18238,-83.3569,1064
1.2,35.18293,-83.35706,1065
1.2,35.183,-83.35686,1066
1.2,35.1831,-83.35656,1067
1.2,35.18317,-83.35632,1068
1.2,35.1832,-83.3561,1069
1.2,35.18322,-83.35576,1070
1.2,35.18324,-83.35565,1071
1.2,35.18285,-83.35563,1072
1.2,35.18261,-83.35562,1073
1.2,35.18244,-83.35561,1074
1.2,35.18227,-83.35561,1075
1.2,35.18212,-83.35561,1076
1.2,35.18202,-83.3556,1077
1.2,35.18196,-83.3556,1078
1.2,35.18197,-83.35506,1079
1.2,35.18197,-83.355,1080
1.2,35.18213,-83.35501,1081
1.2,35.18221,-83.35501,1082
1.2,35.18228,-83.35502,1083
1.2,35.18246,-83.35502,1084
1.2,35.18245,-83.35545,1085
1.2,35.18261,-83.35546,1086
1.2,35.18261,-83.35562,1087
1.2,35.18285,-83.35563,1088
1.2,35.18324,-83.35565,1089
1.2,35.18322,-83.35576,1090
1.2,35.1832,-83.3561,1091
1.2,35.18317,-83.35632,1092
1.2,35.1831,-83.35656,1093
1.2,35.183,-83.35686,1094
1.2,35.18293,-83.35706,1095
1.2,35.18321,-83.35716,1096
1.2,35.18354,-83.35728,1097
1.2,35.18361,-83.35731,1098
1.2,35.18392,-83.35745,1099
1.2,35.18405,-83.3575,1100
1.2,35.18422,-83.35758,1101
1.2,35.18445,-83.35768,1102
1.2,35.18506,-83.35799,1103
1.2,35.18528,-83.35809,1104
1.2,35.18529,-83.3581,1105
1.2,35.18544,-83.35818,1106
1.2,35.18545,-83.35818,1107
1.2,35.18561,-83.35826,1108
1.2,35.18578,-83.35834,1109
1.2,35.18661,-83.35876,1110
1.2,35.18681,-83.35885,1111
1.2,35.18708,-83.35897,1112
1.2,35.18716,-83.35901,1113
1.2,35.18797,-83.35941,1114
1.2,35.18847,-83.35966,1115
1.2,35.18868,-83.35976,1116
1.2,35.18882,-83.35983,1117
1.2,35.18916,-83.36,1118
1.2,35.18932,-83.36007,1119
1.2,35.18942,-83.36012,1120
1.2,35.18968,-83.36024,1121
1.2,35.18982,-83.36031,1122
1.2,35.18999,-83.36039,1123
1.2,35.19008,-83.36043,1124
1.2,35.19033,-83.36054,1125
1.2,35.1905,-83.36063,1126
1.2,35.19067,-83.36071,1127
1.2,35.19079,-83.36076,1128
1.2,35.19093,-83.36082,1129
1.2,35.19107,-83.36088,1130
1.2,35.19122,-83.36094,1131
1.2,35.19134,-83.36099,1132
1.2,35.19145,-83.36103,1133
1.2,35.19164,-83.36109,1134
1.2,35.19181,-83.36114,1135
1.2,35.19183,-83.36115,1136
1.2,35.19193,-83.36119,1137
1.2,35.19206,-83.36122,1138
1.2,35.19226,-83.36128,1139
1.2,35.19229,-83.36128,1140
1.2,35.19257,-83.36136,1141
1.2,35.19259,-83.36136,1142
1.2,35.19331,-83.36149,1143
1.2,35.19417,-83.36158,1144
1.2,35.19409,-83.36178,1145
1.2,35.19406,-83.36187,1146
1.2,35.19391,-83.3622,1147
1.2,35.19374,-83.36259,1148
1.2,35.1937,-83.36268,1149
1.2,35.19357,-83.36297,1150
1.2,35.19355,-83.36302,1151
1.2,35.19347,-83.36321,1152
1.2,35.19328,-83.36369,1153
1.2,35.19314,-83.36402,1154
1.2,35.19311,-83.36409,1155
1.2,35.193,-83.36435,1156
1.2,35.19282,-83.36478,1157
1.2,35.1928,-83.36483,1158
1.2,35.19271,-83.36504,1159
1.2,35.19268,-83.3651,1160
1.2,35.19252,-83.36552,1161
1.2,35.19247,-83.36562,1162
1.2,35.19243,-83.36571,1163
1.2,35.19231,-83.366,1164
1.2,35.19226,-83.36613,1165
1.2,35.19207,-83.36656,1166
1.2,35.19204,-83.36664,1167
1.2,35.19201,-83.3667,1168
1.2,35.19197,-83.36681,1169
1.2,35.19192,-83.3669,1170
1.2,35.19187,-83.36703,1171
1.2,35.19183,-83.36711,1172
1.2,35.19171,-83.36733,1173
1.2,35.19168,-83.36739,1174
1.2,35.1916,-83.36751,1175
1.2,35.19138,-83.36785,1176
1.2,35.19134,-83.36792,1177
1.2,35.19121,-83.3681,1178
1.2,35.19108,-83.36825,1179
1.2,35.19104,-83.36828,1180
1.2,35.19084,-83.36846,1181
1.2,35.19075,-83.36853,1182
1.2,35.19073,-83.36854,1183
1.2,35.19059,-83.36865,1184
1.2,35.19054,-83.3687,1185
1.2,35.1903,-83.36887,1186
1.2,35.19013,-83.36898,1187
1.2,35.18994,-83.3691,1188
1.2,35.18927,-83.36941,1189
1.2,35.18914,-83.36948,1190
1.2,35.189,-83.36957,1191
1.2,35.18875,-83.36973,1192
1.2,35.18863,-83.36982,1193
1.2,35.18861,-83.36983,1194
1.2,35.18852,-83.36991,1195
1.2,35.18836,-83.37006,1196
1.2,35.18818,-83.37022,1197
1.2,35.1879,-83.37046,1198
1.2,35.18784,-83.37052,1199
1.2,35.18782,-83.37054,1200
1.2,35.18755,-83.37078,1201
1.2,35.1874,-83.37091,1202
1.2,35.18731,-83.371,1203
1.2,35.18722,-83.37115,1204
1.2,35.18708,-83.37127,1205
1.2,35.18706,-83.37129,1206
1.2,35.1869,-83.37145,1207
1.2,35.18685,-83.37151,1208
1.2,35.18675,-83.37163,1209
1.2,35.18669,-83.3717,1210
1.2,35.18651,-83.37201,1211
1.2,35.18641,-83.37219,1212
1.2,35.18631,-83.37237,1213
1.2,35.18626,-83.37245,1214
1.2,35.18622,-83.37253,1215
1.2,35.18601,-83.37291,1216
1.2,35.18592,-83.37308,1217
1.2,35.18587,-83.37316,1218
1.2,35.18531,-83.37417,1219
1.2,35.18519,-83.37439,1220
1.2,35.18513,-83.3745,1221
1.2,35.18496,-83.37478,1222
1.2,35.18486,-83.37491,1223
1.2,35.18473,-83.37507,1224
1.2,35.18458,-83.37521,1225
1.2,35.1845,-83.37528,1226
1.2,35.18442,-83.37536,1227
1.2,35.18408,-83.37562,1228
1.2,35.18395,-83.37572,1229
1.2,35.18382,-83.37584,1230
1.2,35.18373,-83.37592,1231
1.2,35.18363,-83.37605,1232
1.2,35.18352,-83.37618,1233
1.2,35.18347,-83.37624,1234
1.2,35.18337,-83.37639,1235
1.2,35.18333,-83.37646,1236
1.2,35.1833,-83.37652,1237
1.2,35.18329,-83.37655,1238
1.2,35.1832,-83.37674,1239
1.2,35.18315,-83.37683,1240
1.2,35.18311,-83.37693,1241
1.2,35.18304,-83.37713,1242
1.2,35.18297,-83.37734,1243
1.2,35.18296,-83.37736,1244
1.2,35.18294,-83.37744,1245
1.2,35.18284,-83.37778,1246
1.2,35.18283,-83.37783,1247
1.2,35.18279,-83.37796,1248
1.2,35.18278,-83.37799,1249
1.2,35.18277,-83.37805,1250
1.2,35.18272,-83.3782,1251
1.2,35.18269,-83.37831,1252
1.2,35.18263,-83.37852,1253
1.2,35.18261,-83.37861,1254
1.2,35.18255,-83.37881,1255
1.2,35.18251,-83.37894,1256
1.2,35.18249,-83.37902,1257
1.2,35.18245,-83.37914,1258
1.2,35.1824,-83.37934,1259
1.2,35.18234,-83.37954,1260
1.2,35.18217,-83.38017,1261
1.2,35.18213,-83.3803,1262
1.2,35.18192,-83.38108,1263
