shape_id,shape_pt_lat,shape_pt_lon,shape_pt_sequence
87071 92605,35.38537,-78.003,0
87071 92605,35.38481,-78.00323,1
87071 92605,35.3835,-78.00378,2
87071 92605,35.38231,-78.00429,3
87071 92605,35.38221,-78.00434,4
87071 92605,35.38256,-78.00556,5
87071 92605,35.3826,-78.00569,6
87071 92605,35.3828,-78.00644,7
87071 92605,35.38295,-78.00697,8
87071 92605,35.38312,-78.00742,9
87071 92605,35.38322,-78.00756,10
87071 92605,35.38328,-78.00766,11
87071 92605,35.38383,-78.00853,12
87071 92605,35.38412,-78.00907,13
87071 92605,35.38421,-78.00946,14
87071 92605,35.38415,-78.00968,15
87071 92605,35.38407,-78.00977,16
87071 92605,35.38284,-78.01094,17
87071 92605,35.38211,-78.01162,18
87071 92605,35.38161,-78.01215,19
87071 92605,35.38147,-78.01229,20
87071 92605,35.38131,-78.01238,21
87071 92605,35.38112,-78.01248,22
87071 92605,35.38097,-78.01249,23
87071 92605,35.38086,-78.01248,24
87071 92605,35.38034,-78.01241,25
87071 92605,35.38008,-78.01236,26
87071 92605,35.37992,-78.01232,27
87071 92605,35.3798,-78.01223,28
87071 92605,35.37969,-78.0121,29
87071 92605,35.37961,-78.01192,30
87071 92605,35.37958,-78.01175,31
87071 92605,35.37958,-78.01157,32
87071 92605,35.37973,-78.01037,33
87071 92605,35.37985,-78.00986,34
87071 92605,35.37989,-78.00968,35
87071 92605,35.37847,-78.00909,36
87071 92605,35.37904,-78.00709,37
87071 92605,35.3793,-78.00614,38
87071 92605,35.37933,-78.00601,39
87071 92605,35.37936,-78.00587,40
87071 92605,35.37939,-78.00571,41
87071 92605,35.37941,-78.00557,42
87071 92605,35.37943,-78.00547,43
87071 92605,35.37944,-78.00531,44
87071 92605,35.37944,-78.00526,45
87071 92605,35.37944,-78.00517,46
87071 92605,35.37944,-78.00503,47
87071 92605,35.37944,-78.00486,48
87071 92605,35.37943,-78.00474,49
87071 92605,35.37941,-78.00458,50
87071 92605,35.37939,-78.00447,51
87071 92605,35.37936,-78.00435,52
87071 92605,35.37931,-78.00414,53
87071 92605,35.37923,-78.00389,54
87071 92605,35.37915,-78.00367,55
87071 92605,35.37895,-78.00314,56
87071 92605,35.37889,-78.00295,57
87071 92605,35.37885,-78.00281,58
87071 92605,35.37879,-78.00264,59
87071 92605,35.37879,-78.00263,60
87071 92605,35.37874,-78.00244,61
87071 92605,35.37864,-78.00204,62
87071 92605,35.37838,-78.0011,63
87071 92605,35.37834,-78.00094,64
87071 92605,35.3779,-77.99945,65
87071 92605,35.37788,-77.99934,66
87071 92605,35.37782,-77.99916,67
87071 92605,35.3775,-77.99802,68
87071 92605,35.37746,-77.99789,69
87071 92605,35.37741,-77.99769,70
87071 92605,35.37731,-77.99733,71
87071 92605,35.3769,-77.99588,72
87071 92605,35.37687,-77.99577,73
87071 92605,35.3768,-77.99557,74
87071 92605,35.3767,-77.99535,75
87071 92605,35.37651,-77.9949,76
87071 92605,35.37631,-77.99445,77
87071 92605,35.37687,-77.99419,78
87071 92605,35.37696,-77.99414,79
87071 92605,35.37896,-77.99327,80
87071 92605,35.37905,-77.99323,81
87071 92605,35.37947,-77.99475,82
87071 92605,35.3795,-77.99483,83
87071 92605,35.38,-77.99659,84
87071 92605,35.38014,-77.99653,85
87071 92605,35.38054,-77.99636,86
87071 92605,35.38128,-77.99604,87
87071 92605,35.38263,-77.99547,88
87071 92605,35.38384,-77.99496,89
87071 92605,35.38392,-77.99492,90
87071 92605,35.38492,-77.99451,91
87071 92605,35.38526,-77.99438,92
87071 92605,35.38648,-77.99384,93
87071 92605,35.38659,-77.99379,94
87071 92605,35.38789,-77.99325,95
87071 92605,35.38918,-77.99272,96
87071 92605,35.39045,-77.99218,97
87071 92605,35.39041,-77.99205,98
87071 92605,35.38993,-77.99035,99
87071 92605,35.38978,-77.98984,100
87071 92605,35.38964,-77.98933,101
87071 92605,35.38939,-77.98841,102
87071 92605,35.38899,-77.98698,103
87071 92605,35.38895,-77.98683,104
87071 92605,35.38862,-77.98574,105
87071 92605,35.38837,-77.98484,106
87071 92605,35.38809,-77.98391,107
87071 92605,35.38763,-77.98231,108
87071 92605,35.38636,-77.98286,109
87071 92605,35.38593,-77.9813,110
87071 92605,35.38511,-77.97831,111
87071 92605,35.38468,-77.97683,112
87071 92605,35.38427,-77.97536,113
87071 92605,35.38387,-77.97403,114
87071 92605,35.38383,-77.97387,115
87071 92605,35.38356,-77.97289,116
87071 92605,35.38309,-77.97121,117
87071 92605,35.38253,-77.96917,118
87071 92605,35.38369,-77.96867,119
87071 92605,35.38375,-77.96864,120
87071 92605,35.38486,-77.96817,121
87071 92605,35.38578,-77.96776,122
87071 92605,35.3856,-77.967,123
87071 92605,35.38557,-77.96672,124
87071 92605,35.38556,-77.96665,125
87071 92605,35.38546,-77.9662,126
87071 92605,35.38518,-77.96552,127
87071 92605,35.38481,-77.96432,128
87071 92605,35.3844,-77.96289,129
87071 92605,35.38361,-77.96323,130
87071 92605,35.38348,-77.96328,131
87071 92605,35.38238,-77.96373,132
87071 92605,35.38138,-77.96419,133
87071 92605,35.38034,-77.9646,134
87071 92605,35.38027,-77.96463,135
87071 92605,35.37933,-77.96504,136
87071 92605,35.37834,-77.96544,137
87071 92605,35.3778,-77.96355,138
87071 92605,35.37681,-77.964,139
87071 92605,35.37665,-77.96407,140
87071 92605,35.37696,-77.96514,141
87071 92605,35.37719,-77.96591,142
87071 92605,35.3776,-77.96734,143
87071 92605,35.37786,-77.96826,144
87071 92605,35.37802,-77.96882,145
87071 92605,35.37816,-77.9693,146
87071 92605,35.37833,-77.96992,147
87071 92605,35.37844,-77.9703,148
87071 92605,35.37858,-77.9708,149
87071 92605,35.37871,-77.97125,150
87071 92605,35.37906,-77.97243,151
87071 92605,35.37913,-77.97263,152
87071 92605,35.38025,-77.97222,153
87071 92605,35.38125,-77.97186,154
87071 92605,35.38222,-77.97152,155
87071 92605,35.38309,-77.97121,156
87071 92605,35.38435,-77.97072,157
87071 92605,35.38546,-77.97034,158
87071 92605,35.3864,-77.97,159
87071 92605,35.38735,-77.96963,160
87071 92605,35.38805,-77.96939,161
87071 92605,35.38817,-77.96933,162
87071 92605,35.3883,-77.96928,163
87071 92605,35.38897,-77.96908,164
87071 92605,35.38931,-77.9688,165
87071 92605,35.38934,-77.96877,166
87071 92605,35.38946,-77.96841,167
87071 92605,35.39004,-77.96876,168
87071 92605,35.39084,-77.96878,169
87071 92605,35.39209,-77.9697,170
87071 92605,35.3922,-77.96979,171
87071 92605,35.39278,-77.97029,172
87071 92605,35.3929,-77.97038,173
87071 92605,35.39371,-77.97101,174
87071 92605,35.39441,-77.97158,175
87071 92605,35.39453,-77.97168,176
87071 92605,35.39479,-77.97192,177
87071 92605,35.39508,-77.97217,178
87071 92605,35.39531,-77.97245,179
87071 92605,35.39538,-77.97241,180
87071 92605,35.39685,-77.97148,181
87071 92605,35.39679,-77.97127,182
87071 92605,35.39605,-77.97069,183
87071 92605,35.3951,-77.97216,184
87071 92605,35.39453,-77.97171,185
87071 92605,35.39387,-77.97285,186
87071 92605,35.3937,-77.97315,187
87071 92605,35.39333,-77.97384,188
87071 92605,35.39274,-77.97487,189
87071 92605,35.39251,-77.9753,190
87071 92605,35.39236,-77.97555,191
87071 92605,35.3922,-77.97585,192
87071 92605,35.39195,-77.97629,193
87071 92605,35.39176,-77.9766,194
87071 92605,35.39162,-77.97682,195
87071 92605,35.39148,-77.97702,196
87071 92605,35.3913,-77.97728,197
87071 92605,35.39094,-77.97774,198
87071 92605,35.39046,-77.97834,199
87071 92605,35.39026,-77.97858,200
87071 92605,35.3901,-77.97878,201
87071 92605,35.39001,-77.9789,202
87071 92605,35.38982,-77.97913,203
87071 92605,35.38958,-77.97943,204
87071 92605,35.38947,-77.97956,205
87071 92605,35.38932,-77.9797,206
87071 92605,35.38917,-77.97984,207
87071 92605,35.38908,-77.9799,208
87071 92605,35.38887,-77.98004,209
87071 92605,35.38872,-77.98011,210
87071 92605,35.38795,-77.98044,211
87071 92605,35.38777,-77.98051,212
87071 92605,35.38759,-77.98059,213
87071 92605,35.38725,-77.98073,214
87071 92605,35.38718,-77.98076,215
87071 92605,35.38763,-77.98231,216
87071 92605,35.38809,-77.98391,217
87071 92605,35.38837,-77.98484,218
87071 92605,35.38862,-77.98574,219
87071 92605,35.38895,-77.98683,220
87071 92605,35.38939,-77.98841,221
87071 92605,35.38964,-77.98933,222
87071 92605,35.38993,-77.99035,223
87071 92605,35.39043,-77.99213,224
87071 92605,35.39045,-77.99218,225
87071 92605,35.38918,-77.99272,226
87071 92605,35.38789,-77.99325,227
87071 92605,35.38659,-77.99379,228
87071 92605,35.38526,-77.99438,229
87071 92605,35.38492,-77.99451,230
87071 92605,35.38392,-77.99492,231
87071 92605,35.38263,-77.99547,232
87071 92605,35.38128,-77.99604,233
87071 92605,35.38054,-77.99636,234
87071 92605,35.38014,-77.99653,235
87071 92605,35.38,-77.99659,236
87071 92605,35.37947,-77.99475,237
87071 92605,35.37905,-77.99323,238
87071 92605,35.37696,-77.99414,239
87071 92605,35.37631,-77.99445,240
87071 92605,35.37651,-77.9949,241
87071 92605,35.3767,-77.99535,242
87071 92605,35.3768,-77.99557,243
87071 92605,35.37687,-77.99577,244
87071 92605,35.3769,-77.99588,245
87071 92605,35.37731,-77.99733,246
87071 92605,35.37741,-77.99769,247
87071 92605,35.3775,-77.99802,248
87071 92605,35.37782,-77.99916,249
87071 92605,35.37788,-77.99934,250
87071 92605,35.3779,-77.99945,251
87071 92605,35.37834,-78.00094,252
87071 92605,35.37864,-78.00204,253
87071 92605,35.37874,-78.00244,254
87071 92605,35.37879,-78.00264,255
87071 92605,35.37885,-78.00281,256
87071 92605,35.37889,-78.00295,257
87071 92605,35.37895,-78.00314,258
87071 92605,35.37915,-78.00367,259
87071 92605,35.37923,-78.00389,260
87071 92605,35.37931,-78.00414,261
87071 92605,35.37936,-78.00435,262
87071 92605,35.37939,-78.00447,263
87071 92605,35.37941,-78.00458,264
87071 92605,35.37943,-78.00474,265
87071 92605,35.37944,-78.00486,266
87071 92605,35.37944,-78.00503,267
87071 92605,35.37944,-78.00517,268
87071 92605,35.37944,-78.00531,269
87071 92605,35.37943,-78.00547,270
87071 92605,35.37941,-78.00557,271
87071 92605,35.37939,-78.00571,272
87071 92605,35.37936,-78.00587,273
87071 92605,35.37933,-78.00601,274
87071 92605,35.3793,-78.00614,275
87071 92605,35.37904,-78.00709,276
87071 92605,35.37847,-78.00909,277
87071 92605,35.37989,-78.00968,278
87071 92605,35.37973,-78.01037,279
87071 92605,35.37958,-78.01157,280
87071 92605,35.37958,-78.01175,281
87071 92605,35.37961,-78.01192,282
87071 92605,35.37969,-78.0121,283
87071 92605,35.3798,-78.01223,284
87071 92605,35.37992,-78.01232,285
87071 92605,35.38008,-78.01236,286
87071 92605,35.38034,-78.01241,287
87071 92605,35.38086,-78.01248,288
87071 92605,35.38097,-78.01249,289
87071 92605,35.38112,-78.01248,290
87071 92605,35.38131,-78.01238,291
87071 92605,35.38147,-78.01229,292
87071 92605,35.38211,-78.01162,293
87071 92605,35.3821,-78.0116,294
87071 92605,35.38211,-78.01162,295
87071 92605,35.38284,-78.01094,296
87071 92605,35.38407,-78.00977,297
87071 92605,35.38415,-78.00968,298
87071 92605,35.38421,-78.00946,299
87071 92605,35.38412,-78.00907,300
87071 92605,35.38383,-78.00853,301
87071 92605,35.38322,-78.00756,302
87071 92605,35.38312,-78.00742,303
87071 92605,35.38295,-78.00697,304
87071 92605,35.3828,-78.00644,305
87071 92605,35.38282,-78.00643,306
87071 92605,35.3826,-78.00569,307
87071 92605,35.38256,-78.00556,308
87071 92605,35.38221,-78.00434,309
87071 92605,35.3835,-78.00378,310
87071 92605,35.38481,-78.00323,311
87071 92605,35.38537,-78.003,312
87072 92606,35.38561,-78.0029,0
87072 92606,35.38613,-78.00269,1
87072 92606,35.38746,-78.00213,2
87072 92606,35.38716,-78.00109,3
87072 92606,35.38703,-78.00059,4
87072 92606,35.38681,-77.99986,5
87072 92606,35.3867,-77.9995,6
87072 92606,35.38658,-77.99908,7
87072 92606,35.38642,-77.99851,8
87072 92606,35.38631,-77.99812,9
87072 92606,35.38621,-77.99774,10
87072 92606,35.38616,-77.99759,11
87072 92606,35.38601,-77.99705,12
87072 92606,35.38584,-77.99644,13
87072 92606,35.38579,-77.99639,14
87072 92606,35.38579,-77.99638,15
87072 92606,35.38576,-77.99629,16
87072 92606,35.38572,-77.99611,17
87072 92606,35.38571,-77.99611,18
87072 92606,35.3857,-77.99611,19
87072 92606,35.38569,-77.99611,20
87072 92606,35.38568,-77.99611,21
87072 92606,35.38567,-77.99611,22
87072 92606,35.38566,-77.99611,23
87072 92606,35.38565,-77.9961,24
87072 92606,35.38564,-77.9961,25
87072 92606,35.38563,-77.9961,26
87072 92606,35.38563,-77.99609,27
87072 92606,35.38562,-77.99609,28
87072 92606,35.38562,-77.99608,29
87072 92606,35.38561,-77.99608,30
87072 92606,35.38561,-77.99607,31
87072 92606,35.3856,-77.99607,32
87072 92606,35.3856,-77.99606,33
87072 92606,35.38559,-77.99605,34
87072 92606,35.38559,-77.99604,35
87072 92606,35.38559,-77.99603,36
87072 92606,35.38558,-77.99603,37
87072 92606,35.38558,-77.99602,38
87072 92606,35.38558,-77.99601,39
87072 92606,35.38558,-77.996,40
87072 92606,35.38558,-77.99599,41
87072 92606,35.38558,-77.99598,42
87072 92606,35.38558,-77.99597,43
87072 92606,35.38558,-77.99596,44
87072 92606,35.38558,-77.99595,45
87072 92606,35.38559,-77.99594,46
87072 92606,35.38559,-77.99593,47
87072 92606,35.3856,-77.99592,48
87072 92606,35.3856,-77.99591,49
87072 92606,35.38561,-77.9959,50
87072 92606,35.38562,-77.99589,51
87072 92606,35.38563,-77.99588,52
87072 92606,35.3856,-77.99574,53
87072 92606,35.38559,-77.9957,54
87072 92606,35.38557,-77.99564,55
87072 92606,35.38557,-77.99558,56
87072 92606,35.38556,-77.99548,57
87072 92606,35.38537,-77.99479,58
87072 92606,35.38526,-77.99438,59
87072 92606,35.38512,-77.99388,60
87072 92606,35.38504,-77.99361,61
87072 92606,35.38499,-77.99345,62
87072 92606,35.38493,-77.99322,63
87072 92606,35.38488,-77.99304,64
87072 92606,35.38484,-77.99292,65
87072 92606,35.38473,-77.99254,66
87072 92606,35.38456,-77.99188,67
87072 92606,35.38447,-77.99157,68
87072 92606,35.3844,-77.99132,69
87072 92606,35.38435,-77.99114,70
87072 92606,35.3843,-77.99099,71
87072 92606,35.38419,-77.9906,72
87072 92606,35.38387,-77.98945,73
87072 92606,35.38383,-77.98933,74
87072 92606,35.38378,-77.98914,75
87072 92606,35.38336,-77.98768,76
87072 92606,35.38299,-77.98637,77
87072 92606,35.38293,-77.98617,78
87072 92606,35.38247,-77.98451,79
87072 92606,35.38221,-77.98355,80
87072 92606,35.38209,-77.9831,81
87072 92606,35.38205,-77.98292,82
87072 92606,35.38183,-77.98219,83
87072 92606,35.38161,-77.98144,84
87072 92606,35.38125,-77.98013,85
87072 92606,35.3812,-77.97995,86
87072 92606,35.38071,-77.97821,87
87072 92606,35.38044,-77.97725,88
87072 92606,35.38038,-77.97704,89
87072 92606,35.38018,-77.97633,90
87072 92606,35.38007,-77.97594,91
87072 92606,35.37973,-77.97475,92
87072 92606,35.37963,-77.97439,93
87072 92606,35.37955,-77.97414,94
87072 92606,35.37913,-77.97263,95
87072 92606,35.37911,-77.97258,96
87072 92606,35.37906,-77.97243,97
87072 92606,35.37871,-77.97125,98
87072 92606,35.37858,-77.9708,99
87072 92606,35.37844,-77.9703,100
87072 92606,35.37833,-77.96992,101
87072 92606,35.37816,-77.9693,102
87072 92606,35.37802,-77.96882,103
87072 92606,35.37786,-77.96826,104
87072 92606,35.3776,-77.96734,105
87072 92606,35.37719,-77.96591,106
87072 92606,35.37665,-77.96407,107
87072 92606,35.3762,-77.9625,108
87072 92606,35.37618,-77.96245,109
87072 92606,35.37608,-77.96205,110
87072 92606,35.37598,-77.96169,111
87072 92606,35.37592,-77.96145,112
87072 92606,35.37584,-77.96113,113
87072 92606,35.37576,-77.96084,114
87072 92606,35.37531,-77.95903,115
87072 92606,35.37505,-77.958,116
87072 92606,35.37493,-77.9575,117
87072 92606,35.37487,-77.95732,118
87072 92606,35.37483,-77.95721,119
87072 92606,35.37479,-77.95711,120
87072 92606,35.37474,-77.957,121
87072 92606,35.37472,-77.95697,122
87072 92606,35.37466,-77.95686,123
87072 92606,35.37458,-77.95674,124
87072 92606,35.37445,-77.95655,125
87072 92606,35.37458,-77.95643,126
87072 92606,35.37463,-77.95635,127
87072 92606,35.37476,-77.95615,128
87072 92606,35.37478,-77.95611,129
87072 92606,35.3749,-77.9559,130
87072 92606,35.37502,-77.95563,131
87072 92606,35.37506,-77.95551,132
87072 92606,35.37511,-77.95537,133
87072 92606,35.37516,-77.95514,134
87072 92606,35.37521,-77.95485,135
87072 92606,35.37521,-77.95482,136
87072 92606,35.37521,-77.95428,137
87072 92606,35.37521,-77.95425,138
87072 92606,35.37521,-77.95371,139
87072 92606,35.37522,-77.95322,140
87072 92606,35.37522,-77.95301,141
87072 92606,35.37522,-77.95284,142
87072 92606,35.37522,-77.95268,143
87072 92606,35.37523,-77.95161,144
87072 92606,35.37523,-77.95136,145
87072 92606,35.37523,-77.95098,146
87072 92606,35.37523,-77.95066,147
87072 92606,35.37524,-77.95049,148
87072 92606,35.37526,-77.95013,149
87072 92606,35.37527,-77.95008,150
87072 92606,35.37533,-77.94983,151
87072 92606,35.37534,-77.9498,152
87072 92606,35.3754,-77.9496,153
87072 92606,35.3754,-77.94959,154
87072 92606,35.37552,-77.94936,155
87072 92606,35.37577,-77.94904,156
87072 92606,35.3758,-77.949,157
87072 92606,35.37598,-77.94882,158
87072 92606,35.37613,-77.94871,159
87072 92606,35.37621,-77.94866,160
87072 92606,35.3763,-77.9486,161
87072 92606,35.3766,-77.94848,162
87072 92606,35.37679,-77.94841,163
87072 92606,35.37728,-77.94809,164
87072 92606,35.37807,-77.94725,165
87072 92606,35.37839,-77.94689,166
87072 92606,35.37874,-77.94657,167
87072 92606,35.3789,-77.94645,168
87072 92606,35.37891,-77.94644,169
87072 92606,35.3791,-77.94633,170
87072 92606,35.37926,-77.94626,171
87072 92606,35.3793,-77.94626,172
87072 92606,35.37959,-77.9462,173
87072 92606,35.37984,-77.94616,174
87072 92606,35.38013,-77.94617,175
87072 92606,35.38042,-77.9462,176
87072 92606,35.38058,-77.94628,177
87072 92606,35.38091,-77.94639,178
87072 92606,35.38115,-77.94657,179
87072 92606,35.38123,-77.94663,180
87072 92606,35.38322,-77.94814,181
87072 92606,35.38358,-77.9483,182
87072 92606,35.38398,-77.94839,183
87072 92606,35.38414,-77.94837,184
87072 92606,35.38428,-77.94835,185
87072 92606,35.38457,-77.94823,186
87072 92606,35.38485,-77.94812,187
87072 92606,35.38504,-77.94804,188
87072 92606,35.38638,-77.94752,189
87072 92606,35.3866,-77.94742,190
87072 92606,35.38684,-77.94732,191
87072 92606,35.38746,-77.94708,192
87072 92606,35.38766,-77.947,193
87072 92606,35.38785,-77.94692,194
87072 92606,35.38834,-77.94673,195
87072 92606,35.38843,-77.9467,196
87072 92606,35.38847,-77.94669,197
87072 92606,35.38848,-77.94668,198
87072 92606,35.38859,-77.94664,199
87072 92606,35.38873,-77.94659,200
87072 92606,35.38888,-77.94654,201
87072 92606,35.38951,-77.94629,202
87072 92606,35.38964,-77.94622,203
87072 92606,35.38973,-77.94619,204
87072 92606,35.39015,-77.946,205
87072 92606,35.39042,-77.94588,206
87072 92606,35.39035,-77.94565,207
87072 92606,35.39033,-77.94561,208
87072 92606,35.39031,-77.94556,209
87072 92606,35.39028,-77.94551,210
87072 92606,35.39026,-77.94547,211
87072 92606,35.39022,-77.94543,212
87072 92606,35.39018,-77.94539,213
87072 92606,35.38987,-77.94513,214
87072 92606,35.3894,-77.94482,215
87072 92606,35.38846,-77.94413,216
87072 92606,35.3881,-77.94385,217
87072 92606,35.38748,-77.94323,218
87072 92606,35.38743,-77.94318,219
87072 92606,35.38686,-77.94241,220
87072 92606,35.38701,-77.94231,221
87072 92606,35.38776,-77.94181,222
87072 92606,35.3881,-77.94141,223
87072 92606,35.38844,-77.94077,224
87072 92606,35.38854,-77.94028,225
87072 92606,35.38855,-77.93946,226
87072 92606,35.3886,-77.93883,227
87072 92606,35.38868,-77.93778,228
87072 92606,35.3887,-77.93765,229
87072 92606,35.38883,-77.9366,230
87072 92606,35.38889,-77.93633,231
87072 92606,35.3891,-77.93564,232
87072 92606,35.38911,-77.93561,233
87072 92606,35.38925,-77.93511,234
87072 92606,35.38944,-77.93441,235
87072 92606,35.38958,-77.93393,236
87072 92606,35.38969,-77.93356,237
87072 92606,35.39013,-77.93208,238
87072 92606,35.3916,-77.92701,239
87072 92606,35.39166,-77.92685,240
87072 92606,35.39168,-77.92679,241
87072 92606,35.39169,-77.92677,242
87072 92606,35.39174,-77.92668,243
87072 92606,35.391,-77.92567,244
87072 92606,35.39034,-77.92476,245
87072 92606,35.39025,-77.92463,246
87072 92606,35.39006,-77.92438,247
87072 92606,35.39002,-77.92431,248
87072 92606,35.38996,-77.92422,249
87072 92606,35.38991,-77.92414,250
87072 92606,35.38987,-77.92407,251
87072 92606,35.38982,-77.92399,252
87072 92606,35.38978,-77.9239,253
87072 92606,35.38975,-77.92383,254
87072 92606,35.38971,-77.92376,255
87072 92606,35.38967,-77.92366,256
87072 92606,35.38963,-77.92355,257
87072 92606,35.38959,-77.92342,258
87072 92606,35.38955,-77.92328,259
87072 92606,35.38951,-77.92312,260
87072 92606,35.38942,-77.92276,261
87072 92606,35.38925,-77.92209,262
87072 92606,35.389,-77.92102,263
87072 92606,35.38888,-77.92051,264
87072 92606,35.38886,-77.92041,265
87072 92606,35.38885,-77.92035,266
87072 92606,35.38877,-77.92003,267
87072 92606,35.38869,-77.91967,268
87072 92606,35.38866,-77.91957,269
87072 92606,35.38833,-77.91799,270
87072 92606,35.38824,-77.91758,271
87072 92606,35.38821,-77.91744,272
87072 92606,35.38806,-77.91674,273
87072 92606,35.38784,-77.91565,274
87072 92606,35.38768,-77.91485,275
87072 92606,35.3876,-77.91446,276
87072 92606,35.38753,-77.91403,277
87072 92606,35.38747,-77.91367,278
87072 92606,35.38723,-77.91231,279
87072 92606,35.38721,-77.91218,280
87072 92606,35.38717,-77.91197,281
87072 92606,35.38716,-77.91188,282
87072 92606,35.38706,-77.91186,283
87072 92606,35.38704,-77.91186,284
87072 92606,35.38701,-77.91184,285
87072 92606,35.38674,-77.91167,286
87072 92606,35.38645,-77.91142,287
87072 92606,35.38446,-77.90975,288
87072 92606,35.38421,-77.91007,289
87072 92606,35.38386,-77.91052,290
87072 92606,35.38341,-77.91109,291
87072 92606,35.38313,-77.91143,292
87072 92606,35.3829,-77.91171,293
87072 92606,35.38228,-77.91249,294
87072 92606,35.38155,-77.91341,295
87072 92606,35.38042,-77.91485,296
87072 92606,35.38034,-77.91495,297
87072 92606,35.38019,-77.91514,298
87072 92606,35.38008,-77.91527,299
87072 92606,35.37992,-77.91549,300
87072 92606,35.37983,-77.91561,301
87072 92606,35.37974,-77.91573,302
87072 92606,35.37964,-77.91588,303
87072 92606,35.37956,-77.916,304
87072 92606,35.3795,-77.91609,305
87072 92606,35.37946,-77.91615,306
87072 92606,35.3793,-77.91645,307
87072 92606,35.37924,-77.91659,308
87072 92606,35.37918,-77.91672,309
87072 92606,35.37914,-77.91681,310
87072 92606,35.37908,-77.91695,311
87072 92606,35.37904,-77.91707,312
87072 92606,35.379,-77.9172,313
87072 92606,35.37896,-77.91733,314
87072 92606,35.37892,-77.91746,315
87072 92606,35.37889,-77.91759,316
87072 92606,35.37886,-77.91772,317
87072 92606,35.37881,-77.91795,318
87072 92606,35.37878,-77.91812,319
87072 92606,35.37876,-77.91825,320
87072 92606,35.37872,-77.91854,321
87072 92606,35.37887,-77.91857,322
87072 92606,35.37872,-77.91854,323
87072 92606,35.37864,-77.91938,324
87072 92606,35.37858,-77.92002,325
87072 92606,35.37854,-77.92071,326
87072 92606,35.3785,-77.92124,327
87072 92606,35.37848,-77.92169,328
87072 92606,35.37845,-77.92216,329
87072 92606,35.37844,-77.92233,330
87072 92606,35.37828,-77.92526,331
87072 92606,35.37822,-77.92641,332
87072 92606,35.3782,-77.92685,333
87072 92606,35.3781,-77.92839,334
87072 92606,35.37803,-77.92945,335
87072 92606,35.37802,-77.92979,336
87072 92606,35.37802,-77.92987,337
87072 92606,35.37803,-77.9299,338
87072 92606,35.37804,-77.92995,339
87072 92606,35.37805,-77.92998,340
87072 92606,35.37805,-77.93002,341
87072 92606,35.37809,-77.93015,342
87072 92606,35.37816,-77.93034,343
87072 92606,35.37822,-77.9305,344
87072 92606,35.3783,-77.93072,345
87072 92606,35.37904,-77.93265,346
87072 92606,35.37913,-77.93287,347
87072 92606,35.37936,-77.9335,348
87072 92606,35.37963,-77.9342,349
87072 92606,35.37975,-77.93401,350
87072 92606,35.37985,-77.93384,351
87072 92606,35.38001,-77.93359,352
87072 92606,35.38022,-77.93324,353
87072 92606,35.38044,-77.93288,354
87072 92606,35.38058,-77.93266,355
87072 92606,35.38072,-77.93242,356
87072 92606,35.38089,-77.93214,357
87072 92606,35.38124,-77.93151,358
87072 92606,35.38128,-77.93139,359
87072 92606,35.38129,-77.93136,360
87072 92606,35.38135,-77.93127,361
87072 92606,35.38236,-77.92971,362
87072 92606,35.38241,-77.92964,363
87072 92606,35.38244,-77.92962,364
87072 92606,35.38252,-77.92958,365
87072 92606,35.38283,-77.92907,366
87072 92606,35.38312,-77.92936,367
87072 92606,35.38337,-77.92961,368
87072 92606,35.38326,-77.92975,369
87072 92606,35.38314,-77.9299,370
87072 92606,35.38303,-77.93004,371
87072 92606,35.38292,-77.93017,372
87072 92606,35.38279,-77.93033,373
87072 92606,35.38266,-77.93049,374
87072 92606,35.38224,-77.93009,375
87072 92606,35.38157,-77.9311,376
87072 92606,35.38142,-77.93134,377
87072 92606,35.38137,-77.93143,378
87072 92606,35.38135,-77.93144,379
87072 92606,35.38124,-77.93151,380
87072 92606,35.38089,-77.93214,381
87072 92606,35.38072,-77.93242,382
87072 92606,35.38058,-77.93266,383
87072 92606,35.38044,-77.93288,384
87072 92606,35.38069,-77.93313,385
87072 92606,35.38092,-77.93333,386
87072 92606,35.38111,-77.93349,387
87072 92606,35.38183,-77.9339,388
87072 92606,35.38186,-77.93392,389
87072 92606,35.38252,-77.93417,390
87072 92606,35.38301,-77.9343,391
87072 92606,35.38371,-77.93459,392
87072 92606,35.38424,-77.93505,393
87072 92606,35.38435,-77.93515,394
87072 92606,35.38473,-77.9357,395
87072 92606,35.38496,-77.93619,396
87072 92606,35.3851,-77.93661,397
87072 92606,35.38517,-77.93706,398
87072 92606,35.38524,-77.93761,399
87072 92606,35.38524,-77.93812,400
87072 92606,35.38505,-77.93867,401
87072 92606,35.3848,-77.93914,402
87072 92606,35.38474,-77.93928,403
87072 92606,35.38466,-77.93944,404
87072 92606,35.3846,-77.93955,405
87072 92606,35.38449,-77.93979,406
87072 92606,35.38298,-77.93863,407
87072 92606,35.38226,-77.93808,408
87072 92606,35.38184,-77.93776,409
87072 92606,35.38168,-77.93763,410
87072 92606,35.38159,-77.9376,411
87072 92606,35.38154,-77.93759,412
87072 92606,35.3815,-77.93759,413
87072 92606,35.38145,-77.9376,414
87072 92606,35.38126,-77.93767,415
87072 92606,35.38181,-77.93913,416
87072 92606,35.38168,-77.93908,417
87072 92606,35.38129,-77.93885,418
87072 92606,35.38087,-77.93858,419
87072 92606,35.38008,-77.93828,420
87072 92606,35.37994,-77.93822,421
87072 92606,35.37979,-77.93816,422
87072 92606,35.37861,-77.93797,423
87072 92606,35.37813,-77.93809,424
87072 92606,35.37769,-77.93874,425
87072 92606,35.37748,-77.93862,426
87072 92606,35.37733,-77.93853,427
87072 92606,35.37726,-77.93869,428
87072 92606,35.37691,-77.93956,429
87072 92606,35.37678,-77.93986,430
87072 92606,35.37657,-77.94038,431
87072 92606,35.37641,-77.94078,432
87072 92606,35.37624,-77.9412,433
87072 92606,35.3762,-77.9413,434
87072 92606,35.37607,-77.94161,435
87072 92606,35.37594,-77.94191,436
87072 92606,35.37528,-77.94352,437
87072 92606,35.37526,-77.94356,438
87072 92606,35.37499,-77.94421,439
87072 92606,35.37456,-77.94531,440
87072 92606,35.37439,-77.9457,441
87072 92606,35.37424,-77.94606,442
87072 92606,35.37399,-77.94667,443
87072 92606,35.37397,-77.94671,444
87072 92606,35.37362,-77.94758,445
87072 92606,35.3736,-77.94763,446
87072 92606,35.3735,-77.94787,447
87072 92606,35.37336,-77.94822,448
87072 92606,35.37331,-77.94833,449
87072 92606,35.37312,-77.94879,450
87072 92606,35.37298,-77.94915,451
87072 92606,35.37282,-77.94955,452
87072 92606,35.37239,-77.95059,453
87072 92606,35.37233,-77.95073,454
87072 92606,35.37181,-77.95198,455
87072 92606,35.3718,-77.95213,456
87072 92606,35.3718,-77.95215,457
87072 92606,35.37173,-77.95233,458
87072 92606,35.37173,-77.95234,459
87072 92606,35.37159,-77.95267,460
87072 92606,35.37148,-77.95292,461
87072 92606,35.37143,-77.95303,462
87072 92606,35.37133,-77.95319,463
87072 92606,35.37176,-77.95366,464
87072 92606,35.37184,-77.95374,465
87072 92606,35.37197,-77.95389,466
87072 92606,35.37208,-77.95401,467
87072 92606,35.37214,-77.95406,468
87072 92606,35.37224,-77.95417,469
87072 92606,35.37235,-77.9543,470
87072 92606,35.37263,-77.9546,471
87072 92606,35.37276,-77.95474,472
87072 92606,35.37296,-77.95496,473
87072 92606,35.37301,-77.95501,474
87072 92606,35.3736,-77.95565,475
87072 92606,35.37391,-77.95598,476
87072 92606,35.37405,-77.95613,477
87072 92606,35.3741,-77.95618,478
87072 92606,35.37425,-77.95634,479
87072 92606,35.37445,-77.95655,480
87072 92606,35.37458,-77.95674,481
87072 92606,35.37466,-77.95686,482
87072 92606,35.37472,-77.95697,483
87072 92606,35.37474,-77.957,484
87072 92606,35.37479,-77.95711,485
87072 92606,35.37483,-77.95721,486
87072 92606,35.37487,-77.95732,487
87072 92606,35.37493,-77.9575,488
87072 92606,35.37505,-77.958,489
87072 92606,35.37531,-77.95903,490
87072 92606,35.37576,-77.96084,491
87072 92606,35.37584,-77.96113,492
87072 92606,35.37592,-77.96145,493
87072 92606,35.37598,-77.96169,494
87072 92606,35.37608,-77.96205,495
87072 92606,35.37618,-77.96245,496
87072 92606,35.37665,-77.96407,497
87072 92606,35.37696,-77.96512,498
87072 92606,35.37719,-77.96591,499
87072 92606,35.3776,-77.96734,500
87072 92606,35.37786,-77.96826,501
87072 92606,35.37802,-77.96882,502
87072 92606,35.37816,-77.9693,503
87072 92606,35.37833,-77.96992,504
87072 92606,35.37844,-77.9703,505
87072 92606,35.37858,-77.9708,506
87072 92606,35.37871,-77.97125,507
87072 92606,35.37906,-77.97243,508
87072 92606,35.37909,-77.97252,509
87072 92606,35.37913,-77.97263,510
87072 92606,35.37955,-77.97414,511
87072 92606,35.37963,-77.97439,512
87072 92606,35.37973,-77.97475,513
87072 92606,35.38007,-77.97594,514
87072 92606,35.38018,-77.97633,515
87072 92606,35.38038,-77.97704,516
87072 92606,35.38071,-77.97821,517
87072 92606,35.3812,-77.97995,518
87072 92606,35.38161,-77.98144,519
87072 92606,35.38183,-77.98219,520
87072 92606,35.38205,-77.98292,521
87072 92606,35.38221,-77.98355,522
87072 92606,35.38247,-77.98451,523
87072 92606,35.38293,-77.98617,524
87072 92606,35.38336,-77.98768,525
87072 92606,35.38378,-77.98914,526
87072 92606,35.38383,-77.98933,527
87072 92606,35.38419,-77.9906,528
87072 92606,35.3843,-77.99099,529
87072 92606,35.38435,-77.99114,530
87072 92606,35.3844,-77.99132,531
87072 92606,35.38447,-77.99157,532
87072 92606,35.38456,-77.99188,533
87072 92606,35.38473,-77.99254,534
87072 92606,35.38484,-77.99292,535
87072 92606,35.38488,-77.99304,536
87072 92606,35.38493,-77.99322,537
87072 92606,35.38499,-77.99345,538
87072 92606,35.38504,-77.99361,539
87072 92606,35.38512,-77.99388,540
87072 92606,35.38526,-77.99438,541
87072 92606,35.38537,-77.99479,542
87072 92606,35.38556,-77.99548,543
87072 92606,35.38561,-77.99552,544
87072 92606,35.38564,-77.99555,545
87072 92606,35.38565,-77.99558,546
87072 92606,35.38573,-77.99585,547
87072 92606,35.38574,-77.99585,548
87072 92606,35.38575,-77.99585,549
87072 92606,35.38576,-77.99586,550
87072 92606,35.38577,-77.99586,551
87072 92606,35.38578,-77.99586,552
87072 92606,35.38579,-77.99587,553
87072 92606,35.3858,-77.99587,554
87072 92606,35.3858,-77.99588,555
87072 92606,35.38581,-77.99588,556
87072 92606,35.38581,-77.99589,557
87072 92606,35.38582,-77.99589,558
87072 92606,35.38582,-77.9959,559
87072 92606,35.38582,-77.99591,560
87072 92606,35.38583,-77.99591,561
87072 92606,35.38583,-77.99592,562
87072 92606,35.38583,-77.99593,563
87072 92606,35.38583,-77.99594,564
87072 92606,35.38584,-77.99594,565
87072 92606,35.38584,-77.99595,566
87072 92606,35.38584,-77.99596,567
87072 92606,35.38584,-77.99597,568
87072 92606,35.38584,-77.99598,569
87072 92606,35.38584,-77.99599,570
87072 92606,35.38584,-77.996,571
87072 92606,35.38584,-77.99601,572
87072 92606,35.38583,-77.99602,573
87072 92606,35.38583,-77.99603,574
87072 92606,35.38582,-77.99604,575
87072 92606,35.38582,-77.99605,576
87072 92606,35.38581,-77.99606,577
87072 92606,35.3858,-77.99607,578
87072 92606,35.38579,-77.99614,579
87072 92606,35.3858,-77.99616,580
87072 92606,35.3858,-77.99621,581
87072 92606,35.38582,-77.9963,582
87072 92606,35.38583,-77.99634,583
87072 92606,35.38584,-77.99636,584
87072 92606,35.38584,-77.99638,585
87072 92606,35.38584,-77.99644,586
87072 92606,35.38601,-77.99705,587
87072 92606,35.38607,-77.99726,588
87072 92606,35.38616,-77.99759,589
87072 92606,35.38631,-77.99812,590
87072 92606,35.38642,-77.99851,591
87072 92606,35.38658,-77.99908,592
87072 92606,35.3867,-77.9995,593
87072 92606,35.38681,-77.99986,594
87072 92606,35.38703,-78.00059,595
87072 92606,35.38716,-78.00109,596
87072 92606,35.38746,-78.00213,597
87072 92606,35.38613,-78.00269,598
87072 92606,35.38557,-78.00292,599
87073 92607,35.3855,-78.00294,0
87073 92607,35.38613,-78.00269,1
87073 92607,35.38569,-78.00115,2
87073 92607,35.38525,-77.99966,3
87073 92607,35.38484,-77.99815,4
87073 92607,35.38445,-77.99679,5
87073 92607,35.38442,-77.99672,6
87073 92607,35.38441,-77.99672,7
87073 92607,35.3844,-77.99672,8
87073 92607,35.38439,-77.99672,9
87073 92607,35.38438,-77.99672,10
87073 92607,35.38437,-77.99672,11
87073 92607,35.38436,-77.99672,12
87073 92607,35.38435,-77.99671,13
87073 92607,35.38434,-77.99671,14
87073 92607,35.38433,-77.9967,15
87073 92607,35.38431,-77.99669,16
87073 92607,35.3843,-77.99668,17
87073 92607,35.3843,-77.99667,18
87073 92607,35.38429,-77.99667,19
87073 92607,35.38429,-77.99666,20
87073 92607,35.38428,-77.99665,21
87073 92607,35.38428,-77.99664,22
87073 92607,35.38427,-77.99663,23
87073 92607,35.38427,-77.99662,24
87073 92607,35.38427,-77.99661,25
87073 92607,35.38426,-77.9966,26
87073 92607,35.38426,-77.99659,27
87073 92607,35.38426,-77.99658,28
87073 92607,35.38426,-77.99657,29
87073 92607,35.38426,-77.99656,30
87073 92607,35.38426,-77.99655,31
87073 92607,35.38426,-77.99654,32
87073 92607,35.38426,-77.99653,33
87073 92607,35.38427,-77.99652,34
87073 92607,35.38427,-77.99651,35
87073 92607,35.38427,-77.9965,36
87073 92607,35.38427,-77.99649,37
87073 92607,35.38428,-77.99649,38
87073 92607,35.38428,-77.99648,39
87073 92607,35.38428,-77.99647,40
87073 92607,35.38429,-77.99646,41
87073 92607,35.3843,-77.99645,42
87073 92607,35.38431,-77.99644,43
87073 92607,35.38432,-77.99643,44
87073 92607,35.38433,-77.99642,45
87073 92607,35.38434,-77.99642,46
87073 92607,35.38435,-77.99641,47
87073 92607,35.38436,-77.99641,48
87073 92607,35.38428,-77.99618,49
87073 92607,35.38392,-77.99492,50
87073 92607,35.38374,-77.99426,51
87073 92607,35.38361,-77.9938,52
87073 92607,35.38342,-77.99312,53
87073 92607,35.38374,-77.99298,54
87073 92607,35.38396,-77.99288,55
87073 92607,35.38417,-77.99279,56
87073 92607,35.38473,-77.99254,57
87073 92607,35.38507,-77.9924,58
87073 92607,35.38555,-77.9922,59
87073 92607,35.3861,-77.99198,60
87073 92607,35.3871,-77.99154,61
87073 92607,35.38736,-77.99143,62
87073 92607,35.38764,-77.99132,63
87073 92607,35.38839,-77.991,64
87073 92607,35.38868,-77.99088,65
87073 92607,35.38896,-77.99076,66
87073 92607,35.38969,-77.99046,67
87073 92607,35.38993,-77.99035,68
87073 92607,35.39024,-77.99022,69
87073 92607,35.39082,-77.98998,70
87073 92607,35.39179,-77.98957,71
87073 92607,35.39194,-77.98951,72
87073 92607,35.39204,-77.98947,73
87073 92607,35.39215,-77.98942,74
87073 92607,35.39204,-77.98879,75
87073 92607,35.39192,-77.98818,76
87073 92607,35.39184,-77.98772,77
87073 92607,35.39172,-77.98711,78
87073 92607,35.39126,-77.98472,79
87073 92607,35.3912,-77.9844,80
87073 92607,35.39107,-77.98373,81
87073 92607,35.39087,-77.98268,82
87073 92607,35.39059,-77.98121,83
87073 92607,35.39057,-77.98112,84
87073 92607,35.39033,-77.97992,85
87073 92607,35.39024,-77.97948,86
87073 92607,35.3901,-77.97878,87
87073 92607,35.39046,-77.97834,88
87073 92607,35.39084,-77.97786,89
87073 92607,35.39094,-77.97774,90
87073 92607,35.3913,-77.97728,91
87073 92607,35.39148,-77.97702,92
87073 92607,35.39162,-77.97682,93
87073 92607,35.39176,-77.9766,94
87073 92607,35.39195,-77.97629,95
87073 92607,35.3922,-77.97585,96
87073 92607,35.39251,-77.9753,97
87073 92607,35.39274,-77.97487,98
87073 92607,35.39324,-77.97399,99
87073 92607,35.39333,-77.97384,100
87073 92607,35.3937,-77.97315,101
87073 92607,35.39387,-77.97285,102
87073 92607,35.39394,-77.97272,103
87073 92607,35.39438,-77.97195,104
87073 92607,35.39447,-77.97178,105
87073 92607,35.39453,-77.97168,106
87073 92607,35.39473,-77.97134,107
87073 92607,35.39495,-77.97096,108
87073 92607,35.3951,-77.97068,109
87073 92607,35.39535,-77.97023,110
87073 92607,35.39555,-77.96988,111
87073 92607,35.3957,-77.96962,112
87073 92607,35.39576,-77.96951,113
87073 92607,35.39587,-77.96932,114
87073 92607,35.39607,-77.96889,115
87073 92607,35.39614,-77.96874,116
87073 92607,35.3962,-77.9686,117
87073 92607,35.39634,-77.96826,118
87073 92607,35.39635,-77.96823,119
87073 92607,35.39641,-77.96808,120
87073 92607,35.39648,-77.96792,121
87073 92607,35.3966,-77.96753,122
87073 92607,35.39671,-77.96714,123
87073 92607,35.39672,-77.96712,124
87073 92607,35.39677,-77.96693,125
87073 92607,35.39688,-77.96661,126
87073 92607,35.39692,-77.96651,127
87073 92607,35.39699,-77.9663,128
87073 92607,35.39711,-77.9659,129
87073 92607,35.39717,-77.96568,130
87073 92607,35.39728,-77.96536,131
87073 92607,35.39733,-77.96518,132
87073 92607,35.39739,-77.96498,133
87073 92607,35.39741,-77.96488,134
87073 92607,35.3975,-77.96458,135
87073 92607,35.39755,-77.96441,136
87073 92607,35.39779,-77.9636,137
87073 92607,35.39785,-77.9634,138
87073 92607,35.3979,-77.96321,139
87073 92607,35.39792,-77.96315,140
87073 92607,35.39795,-77.96301,141
87073 92607,35.39798,-77.96292,142
87073 92607,35.39804,-77.96271,143
87073 92607,35.3982,-77.9621,144
87073 92607,35.39831,-77.96168,145
87073 92607,35.39847,-77.96109,146
87073 92607,35.39857,-77.96078,147
87073 92607,35.39872,-77.96027,148
87073 92607,35.39901,-77.95927,149
87073 92607,35.3993,-77.95833,150
87073 92607,35.39946,-77.9578,151
87073 92607,35.39956,-77.95744,152
87073 92607,35.39973,-77.95688,153
87073 92607,35.39993,-77.95619,154
87073 92607,35.39968,-77.95605,155
87073 92607,35.39953,-77.95599,156
87073 92607,35.39934,-77.95589,157
87073 92607,35.39914,-77.95578,158
87073 92607,35.39908,-77.95575,159
87073 92607,35.39883,-77.95565,160
87073 92607,35.3986,-77.95552,161
87073 92607,35.3984,-77.9553,162
87073 92607,35.39839,-77.95529,163
87073 92607,35.39822,-77.95505,164
87073 92607,35.39803,-77.95466,165
87073 92607,35.39795,-77.95435,166
87073 92607,35.39794,-77.95432,167
87073 92607,35.39792,-77.9541,168
87073 92607,35.3979,-77.95396,169
87073 92607,35.3979,-77.95395,170
87073 92607,35.39788,-77.95381,171
87073 92607,35.39787,-77.9538,172
87073 92607,35.39787,-77.95379,173
87073 92607,35.39784,-77.95369,174
87073 92607,35.3978,-77.95361,175
87073 92607,35.39776,-77.95355,176
87073 92607,35.39772,-77.95351,177
87073 92607,35.39765,-77.95348,178
87073 92607,35.39745,-77.95339,179
87073 92607,35.39728,-77.95329,180
87073 92607,35.39723,-77.95327,181
87073 92607,35.39712,-77.95323,182
87073 92607,35.39701,-77.95318,183
87073 92607,35.39719,-77.95251,184
87073 92607,35.39723,-77.95242,185
87073 92607,35.39728,-77.95226,186
87073 92607,35.39734,-77.95204,187
87073 92607,35.3974,-77.95184,188
87073 92607,35.39745,-77.95169,189
87073 92607,35.39785,-77.95041,190
87073 92607,35.39799,-77.95048,191
87073 92607,35.39813,-77.95055,192
87073 92607,35.39815,-77.95056,193
87073 92607,35.39821,-77.95059,194
87073 92607,35.3984,-77.95067,195
87073 92607,35.39843,-77.95069,196
87073 92607,35.3987,-77.95081,197
87073 92607,35.39881,-77.95086,198
87073 92607,35.39896,-77.95093,199
87073 92607,35.39901,-77.95095,200
87073 92607,35.39941,-77.95113,201
87073 92607,35.39947,-77.95093,202
87073 92607,35.39953,-77.95071,203
87073 92607,35.3996,-77.95048,204
87073 92607,35.39967,-77.95024,205
87073 92607,35.39968,-77.9502,206
87073 92607,35.39969,-77.95017,207
87073 92607,35.3997,-77.95013,208
87073 92607,35.39971,-77.9501,209
87073 92607,35.39971,-77.95007,210
87073 92607,35.3997,-77.95005,211
87073 92607,35.39969,-77.95003,212
87073 92607,35.39968,-77.95,213
87073 92607,35.39961,-77.94994,214
87073 92607,35.39972,-77.94972,215
87073 92607,35.39962,-77.94963,216
87073 92607,35.39929,-77.94932,217
87073 92607,35.39954,-77.94881,218
87073 92607,35.40047,-77.94766,219
87073 92607,35.40085,-77.94787,220
87073 92607,35.40107,-77.9484,221
87073 92607,35.40108,-77.94863,222
87073 92607,35.40108,-77.9487,223
87073 92607,35.40101,-77.949,224
87073 92607,35.40085,-77.94928,225
87073 92607,35.40034,-77.95018,226
87073 92607,35.4003,-77.95024,227
87073 92607,35.39972,-77.94972,228
87073 92607,35.39963,-77.94989,229
87073 92607,35.39961,-77.94994,230
87073 92607,35.39968,-77.95,231
87073 92607,35.39969,-77.95003,232
87073 92607,35.3997,-77.95003,233
87073 92607,35.3997,-77.95005,234
87073 92607,35.39971,-77.95007,235
87073 92607,35.39971,-77.9501,236
87073 92607,35.3997,-77.95013,237
87073 92607,35.39969,-77.95017,238
87073 92607,35.39967,-77.95024,239
87073 92607,35.3996,-77.95048,240
87073 92607,35.39953,-77.95071,241
87073 92607,35.39947,-77.95093,242
87073 92607,35.39941,-77.95113,243
87073 92607,35.39901,-77.95095,244
87073 92607,35.39896,-77.95093,245
87073 92607,35.39881,-77.95086,246
87073 92607,35.3987,-77.95081,247
87073 92607,35.39843,-77.95069,248
87073 92607,35.3984,-77.95067,249
87073 92607,35.39821,-77.95059,250
87073 92607,35.39815,-77.95056,251
87073 92607,35.39813,-77.95055,252
87073 92607,35.39799,-77.95048,253
87073 92607,35.39785,-77.95041,254
87073 92607,35.3974,-77.95184,255
87073 92607,35.39734,-77.95204,256
87073 92607,35.39728,-77.95226,257
87073 92607,35.39723,-77.95242,258
87073 92607,35.39719,-77.95251,259
87073 92607,35.39701,-77.95318,260
87073 92607,35.39712,-77.95323,261
87073 92607,35.39723,-77.95327,262
87073 92607,35.39728,-77.95329,263
87073 92607,35.39745,-77.95339,264
87073 92607,35.39754,-77.95343,265
87073 92607,35.39765,-77.95348,266
87073 92607,35.39772,-77.95351,267
87073 92607,35.39776,-77.95355,268
87073 92607,35.3978,-77.95361,269
87073 92607,35.39784,-77.95369,270
87073 92607,35.39787,-77.95379,271
87073 92607,35.39787,-77.9538,272
87073 92607,35.39788,-77.95381,273
87073 92607,35.3979,-77.95395,274
87073 92607,35.39792,-77.9541,275
87073 92607,35.39794,-77.95432,276
87073 92607,35.39795,-77.95435,277
87073 92607,35.39797,-77.95445,278
87073 92607,35.39803,-77.95466,279
87073 92607,35.39822,-77.95505,280
87073 92607,35.39839,-77.95529,281
87073 92607,35.3984,-77.9553,282
87073 92607,35.3986,-77.95552,283
87073 92607,35.39883,-77.95565,284
87073 92607,35.39908,-77.95575,285
87073 92607,35.39914,-77.95578,286
87073 92607,35.39934,-77.95589,287
87073 92607,35.39953,-77.95599,288
87073 92607,35.39968,-77.95605,289
87073 92607,35.39993,-77.95619,290
87073 92607,35.39995,-77.95611,291
87073 92607,35.40062,-77.95389,292
87073 92607,35.40078,-77.95335,293
87073 92607,35.40082,-77.95322,294
87073 92607,35.40093,-77.95283,295
87073 92607,35.40104,-77.95247,296
87073 92607,35.40121,-77.95192,297
87073 92607,35.40146,-77.95109,298
87073 92607,35.40157,-77.95084,299
87073 92607,35.40166,-77.95064,300
87073 92607,35.40177,-77.95045,301
87073 92607,35.40186,-77.9503,302
87073 92607,35.40196,-77.95015,303
87073 92607,35.4021,-77.94998,304
87073 92607,35.40226,-77.94981,305
87073 92607,35.40241,-77.94967,306
87073 92607,35.40271,-77.94941,307
87073 92607,35.40292,-77.94921,308
87073 92607,35.40322,-77.94896,309
87073 92607,35.4034,-77.94879,310
87073 92607,35.40349,-77.94871,311
87073 92607,35.40383,-77.94841,312
87073 92607,35.40412,-77.94816,313
87073 92607,35.40454,-77.9478,314
87073 92607,35.40468,-77.94768,315
87073 92607,35.40513,-77.9473,316
87073 92607,35.40548,-77.94701,317
87073 92607,35.40559,-77.94692,318
87073 92607,35.408,-77.94494,319
87073 92607,35.40808,-77.94487,320
87073 92607,35.40868,-77.94438,321
87073 92607,35.4087,-77.94436,322
87073 92607,35.40892,-77.94418,323
87073 92607,35.40925,-77.94391,324
87073 92607,35.40891,-77.94341,325
87073 92607,35.40861,-77.94296,326
87073 92607,35.40831,-77.94252,327
87073 92607,35.40798,-77.94202,328
87073 92607,35.40748,-77.94128,329
87073 92607,35.40688,-77.94039,330
87073 92607,35.40677,-77.94022,331
87073 92607,35.40664,-77.94001,332
87073 92607,35.40656,-77.93986,333
87073 92607,35.40653,-77.93982,334
87073 92607,35.40647,-77.93971,335
87073 92607,35.4064,-77.93956,336
87073 92607,35.40638,-77.93952,337
87073 92607,35.40624,-77.9392,338
87073 92607,35.4062,-77.93907,339
87073 92607,35.40619,-77.93904,340
87073 92607,35.40611,-77.93878,341
87073 92607,35.40605,-77.93854,342
87073 92607,35.406,-77.93836,343
87073 92607,35.40572,-77.93711,344
87073 92607,35.40559,-77.93659,345
87073 92607,35.40554,-77.9364,346
87073 92607,35.40547,-77.93616,347
87073 92607,35.40541,-77.93595,348
87073 92607,35.40532,-77.93571,349
87073 92607,35.40525,-77.93553,350
87073 92607,35.40513,-77.93526,351
87073 92607,35.40496,-77.9349,352
87073 92607,35.40473,-77.93441,353
87073 92607,35.40464,-77.93421,354
87073 92607,35.40441,-77.93371,355
87073 92607,35.40423,-77.93333,356
87073 92607,35.4042,-77.93325,357
87073 92607,35.40455,-77.93303,358
87073 92607,35.40459,-77.933,359
87073 92607,35.40464,-77.9331,360
87073 92607,35.40487,-77.93364,361
87073 92607,35.4047,-77.93375,362
87073 92607,35.4046,-77.9335,363
87073 92607,35.40471,-77.93331,364
87073 92607,35.4046,-77.93305,365
87073 92607,35.40422,-77.93328,366
87073 92607,35.40489,-77.93476,367
87073 92607,35.40496,-77.9349,368
87073 92607,35.40513,-77.93526,369
87073 92607,35.40525,-77.93553,370
87073 92607,35.40532,-77.93571,371
87073 92607,35.40541,-77.93595,372
87073 92607,35.40547,-77.93616,373
87073 92607,35.40554,-77.9364,374
87073 92607,35.40559,-77.93659,375
87073 92607,35.40572,-77.93711,376
87073 92607,35.406,-77.93836,377
87073 92607,35.40605,-77.93854,378
87073 92607,35.40611,-77.93878,379
87073 92607,35.40619,-77.93904,380
87073 92607,35.4062,-77.93907,381
87073 92607,35.40624,-77.9392,382
87073 92607,35.40628,-77.9393,383
87073 92607,35.40624,-77.9392,384
87073 92607,35.40566,-77.9395,385
87073 92607,35.40522,-77.93973,386
87073 92607,35.40492,-77.93988,387
87073 92607,35.40485,-77.93996,388
87073 92607,35.40475,-77.94009,389
87073 92607,35.4043,-77.94069,390
87073 92607,35.40384,-77.9413,391
87073 92607,35.40345,-77.94184,392
87073 92607,35.40324,-77.94212,393
87073 92607,35.40301,-77.94231,394
87073 92607,35.40283,-77.94246,395
87073 92607,35.40267,-77.94258,396
87073 92607,35.40245,-77.94269,397
87073 92607,35.40218,-77.94277,398
87073 92607,35.40195,-77.94282,399
87073 92607,35.4015,-77.94291,400
87073 92607,35.40101,-77.94304,401
87073 92607,35.40075,-77.94319,402
87073 92607,35.40055,-77.94342,403
87073 92607,35.40041,-77.94371,404
87073 92607,35.40035,-77.94399,405
87073 92607,35.40035,-77.94427,406
87073 92607,35.40042,-77.94457,407
87073 92607,35.4008,-77.94528,408
87073 92607,35.40088,-77.94542,409
87073 92607,35.40091,-77.94548,410
87073 92607,35.40107,-77.94578,411
87073 92607,35.40143,-77.94642,412
87073 92607,35.40201,-77.94748,413
87073 92607,35.40214,-77.94765,414
87073 92607,35.4023,-77.94774,415
87073 92607,35.40246,-77.94775,416
87073 92607,35.40263,-77.94773,417
87073 92607,35.40284,-77.94766,418
87073 92607,35.40292,-77.94764,419
87073 92607,35.40304,-77.94791,420
87073 92607,35.40317,-77.94814,421
87073 92607,35.40349,-77.94871,422
87073 92607,35.4034,-77.94879,423
87073 92607,35.40322,-77.94896,424
87073 92607,35.40292,-77.94921,425
87073 92607,35.40271,-77.94941,426
87073 92607,35.40241,-77.94967,427
87073 92607,35.40226,-77.94981,428
87073 92607,35.4021,-77.94998,429
87073 92607,35.40196,-77.95015,430
87073 92607,35.40186,-77.9503,431
87073 92607,35.40177,-77.95045,432
87073 92607,35.40166,-77.95064,433
87073 92607,35.40157,-77.95084,434
87073 92607,35.40146,-77.95109,435
87073 92607,35.40121,-77.95192,436
87073 92607,35.40104,-77.95247,437
87073 92607,35.40093,-77.95283,438
87073 92607,35.40082,-77.95322,439
87073 92607,35.40091,-77.95337,440
87073 92607,35.40151,-77.95365,441
87073 92607,35.40205,-77.95189,442
87073 92607,35.40208,-77.9516,443
87073 92607,35.40221,-77.95163,444
87073 92607,35.4022,-77.95173,445
87073 92607,35.40211,-77.95179,446
87073 92607,35.40202,-77.95202,447
87073 92607,35.40197,-77.95214,448
87073 92607,35.40151,-77.95365,449
87073 92607,35.40231,-77.9539,450
87073 92607,35.40306,-77.95398,451
87073 92607,35.40366,-77.95397,452
87073 92607,35.40402,-77.95398,453
87073 92607,35.40366,-77.95397,454
87073 92607,35.40306,-77.95398,455
87073 92607,35.40231,-77.9539,456
87073 92607,35.40151,-77.95365,457
87073 92607,35.4015,-77.95367,458
87073 92607,35.40141,-77.9539,459
87073 92607,35.40118,-77.95512,460
87073 92607,35.40112,-77.95558,461
87073 92607,35.4011,-77.95571,462
87073 92607,35.40105,-77.95589,463
87073 92607,35.40091,-77.95608,464
87073 92607,35.40076,-77.95623,465
87073 92607,35.40068,-77.95628,466
87073 92607,35.40058,-77.95631,467
87073 92607,35.40044,-77.95632,468
87073 92607,35.4002,-77.95627,469
87073 92607,35.4001,-77.95624,470
87073 92607,35.39993,-77.95619,471
87073 92607,35.39973,-77.95688,472
87073 92607,35.39956,-77.95744,473
87073 92607,35.39946,-77.9578,474
87073 92607,35.3993,-77.95833,475
87073 92607,35.39901,-77.95927,476
87073 92607,35.39872,-77.96027,477
87073 92607,35.39857,-77.96078,478
87073 92607,35.39847,-77.96109,479
87073 92607,35.39831,-77.96168,480
87073 92607,35.39826,-77.96189,481
87073 92607,35.3982,-77.9621,482
87073 92607,35.39804,-77.96271,483
87073 92607,35.39798,-77.96292,484
87073 92607,35.39795,-77.96301,485
87073 92607,35.39792,-77.96315,486
87073 92607,35.3979,-77.96321,487
87073 92607,35.39785,-77.9634,488
87073 92607,35.39779,-77.9636,489
87073 92607,35.39755,-77.96441,490
87073 92607,35.3975,-77.96458,491
87073 92607,35.39741,-77.96488,492
87073 92607,35.39739,-77.96498,493
87073 92607,35.39733,-77.96518,494
87073 92607,35.39728,-77.96536,495
87073 92607,35.39717,-77.96568,496
87073 92607,35.39711,-77.9659,497
87073 92607,35.39699,-77.9663,498
87073 92607,35.39692,-77.96651,499
87073 92607,35.39701,-77.96665,500
87073 92607,35.39729,-77.96689,501
87073 92607,35.3973,-77.9675,502
87073 92607,35.39736,-77.96828,503
87073 92607,35.39743,-77.96926,504
87073 92607,35.39753,-77.97034,505
87073 92607,35.39759,-77.97072,506
87073 92607,35.39768,-77.97099,507
87073 92607,35.3978,-77.97135,508
87073 92607,35.39799,-77.97193,509
87073 92607,35.39817,-77.97243,510
87073 92607,35.39815,-77.97279,511
87073 92607,35.39827,-77.97314,512
87073 92607,35.39854,-77.97396,513
87073 92607,35.39889,-77.97497,514
87073 92607,35.39925,-77.97604,515
87073 92607,35.39946,-77.97664,516
87073 92607,35.3995,-77.97676,517
87073 92607,35.40024,-77.97895,518
87073 92607,35.40026,-77.97903,519
87073 92607,35.40028,-77.97912,520
87073 92607,35.40049,-77.97975,521
87073 92607,35.40089,-77.98153,522
87073 92607,35.40105,-77.98201,523
87073 92607,35.40132,-77.98246,524
87073 92607,35.40136,-77.98252,525
87073 92607,35.4022,-77.98473,526
87073 92607,35.40205,-77.98483,527
87073 92607,35.40175,-77.98504,528
87073 92607,35.40169,-77.98509,529
87073 92607,35.40108,-77.98553,530
87073 92607,35.401,-77.98558,531
87073 92607,35.40088,-77.98566,532
87073 92607,35.40078,-77.98573,533
87073 92607,35.40069,-77.98579,534
87073 92607,35.40057,-77.98586,535
87073 92607,35.40039,-77.98595,536
87073 92607,35.40033,-77.9858,537
87073 92607,35.40028,-77.98566,538
87073 92607,35.40021,-77.9854,539
87073 92607,35.40017,-77.98529,540
87073 92607,35.40015,-77.9852,541
87073 92607,35.40013,-77.98508,542
87073 92607,35.40011,-77.98502,543
87073 92607,35.40011,-77.985,544
87073 92607,35.40011,-77.98495,545
87073 92607,35.40009,-77.98483,546
87073 92607,35.40009,-77.98474,547
87073 92607,35.40008,-77.98465,548
87073 92607,35.40008,-77.98456,549
87073 92607,35.40009,-77.98446,550
87073 92607,35.40009,-77.98439,551
87073 92607,35.4001,-77.98432,552
87073 92607,35.40012,-77.98411,553
87073 92607,35.40014,-77.984,554
87073 92607,35.40009,-77.98394,555
87073 92607,35.40005,-77.98389,556
87073 92607,35.40003,-77.98386,557
87073 92607,35.40002,-77.98384,558
87073 92607,35.40001,-77.98383,559
87073 92607,35.4,-77.9838,560
87073 92607,35.39999,-77.98379,561
87073 92607,35.39999,-77.98378,562
87073 92607,35.39998,-77.98376,563
87073 92607,35.39998,-77.98374,564
87073 92607,35.39998,-77.98372,565
87073 92607,35.39998,-77.9837,566
87073 92607,35.39998,-77.98367,567
87073 92607,35.39998,-77.98365,568
87073 92607,35.39998,-77.98363,569
87073 92607,35.39999,-77.98361,570
87073 92607,35.39999,-77.98358,571
87073 92607,35.4,-77.98355,572
87073 92607,35.40003,-77.98345,573
87073 92607,35.40015,-77.98311,574
87073 92607,35.40023,-77.98287,575
87073 92607,35.40029,-77.98268,576
87073 92607,35.40033,-77.98256,577
87073 92607,35.40034,-77.98251,578
87073 92607,35.40035,-77.98247,579
87073 92607,35.40037,-77.98237,580
87073 92607,35.40037,-77.98233,581
87073 92607,35.40038,-77.98228,582
87073 92607,35.40038,-77.98219,583
87073 92607,35.40038,-77.98213,584
87073 92607,35.40038,-77.98206,585
87073 92607,35.40038,-77.98198,586
87073 92607,35.40038,-77.98193,587
87073 92607,35.40037,-77.98187,588
87073 92607,35.40036,-77.98175,589
87073 92607,35.40034,-77.98164,590
87073 92607,35.40032,-77.98154,591
87073 92607,35.4003,-77.98142,592
87073 92607,35.40029,-77.98133,593
87073 92607,35.40021,-77.98098,594
87073 92607,35.40016,-77.98075,595
87073 92607,35.40013,-77.9806,596
87073 92607,35.40011,-77.98051,597
87073 92607,35.40007,-77.98038,598
87073 92607,35.40002,-77.98017,599
87073 92607,35.39997,-77.97999,600
87073 92607,35.39992,-77.97982,601
87073 92607,35.39986,-77.97966,602
87073 92607,35.39983,-77.97958,603
87073 92607,35.39978,-77.97942,604
87073 92607,35.39921,-77.97773,605
87073 92607,35.39908,-77.97736,606
87073 92607,35.39846,-77.97773,607
87073 92607,35.39771,-77.97825,608
87073 92607,35.39734,-77.97856,609
87073 92607,35.39632,-77.97938,610
87073 92607,35.39607,-77.97953,611
87073 92607,35.39593,-77.97958,612
87073 92607,35.39481,-77.97991,613
87073 92607,35.39512,-77.98146,614
87073 92607,35.39499,-77.9815,615
87073 92607,35.39411,-77.98176,616
87073 92607,35.39285,-77.9821,617
87073 92607,35.3919,-77.98238,618
87073 92607,35.391,-77.98265,619
87073 92607,35.39087,-77.98268,620
87073 92607,35.39107,-77.98373,621
87073 92607,35.3912,-77.9844,622
87073 92607,35.39126,-77.98472,623
87073 92607,35.39172,-77.98711,624
87073 92607,35.39184,-77.98772,625
87073 92607,35.39187,-77.98791,626
87073 92607,35.39192,-77.98818,627
87073 92607,35.39204,-77.98879,628
87073 92607,35.39215,-77.98942,629
87073 92607,35.39232,-77.99032,630
87073 92607,35.39234,-77.99043,631
87073 92607,35.39239,-77.99075,632
87073 92607,35.39244,-77.99105,633
87073 92607,35.39245,-77.99123,634
87073 92607,35.39245,-77.9915,635
87073 92607,35.39244,-77.99171,636
87073 92607,35.39242,-77.99191,637
87073 92607,35.39241,-77.99203,638
87073 92607,35.39237,-77.99222,639
87073 92607,35.39232,-77.99244,640
87073 92607,35.39228,-77.9926,641
87073 92607,35.39226,-77.99269,642
87073 92607,35.39224,-77.99278,643
87073 92607,35.39223,-77.99285,644
87073 92607,35.39221,-77.99307,645
87073 92607,35.39222,-77.99328,646
87073 92607,35.39223,-77.99342,647
87073 92607,35.39226,-77.99357,648
87073 92607,35.39228,-77.99367,649
87073 92607,35.39234,-77.99387,650
87073 92607,35.39238,-77.99403,651
87073 92607,35.39245,-77.99427,652
87073 92607,35.39246,-77.9943,653
87073 92607,35.39262,-77.99492,654
87073 92607,35.39277,-77.99544,655
87073 92607,35.39286,-77.99576,656
87073 92607,35.39303,-77.99637,657
87073 92607,35.39271,-77.99652,658
87073 92607,35.39263,-77.99656,659
87073 92607,35.39179,-77.99689,660
87073 92607,35.39048,-77.99744,661
87073 92607,35.38937,-77.99792,662
87073 92607,35.38921,-77.99799,663
87073 92607,35.3889,-77.99812,664
87073 92607,35.38799,-77.99849,665
87073 92607,35.38792,-77.99852,666
87073 92607,35.38773,-77.9986,667
87073 92607,35.38722,-77.99881,668
87073 92607,35.38676,-77.999,669
87073 92607,35.38658,-77.99908,670
87073 92607,35.3867,-77.9995,671
87073 92607,35.38681,-77.99986,672
87073 92607,35.38703,-78.00059,673
87073 92607,35.38716,-78.00109,674
87073 92607,35.38746,-78.00213,675
87073 92607,35.38732,-78.00219,676
87073 92607,35.38613,-78.00269,677
87073 92607,35.38556,-78.00292,678
87074 92608,35.38628,-78.00324,0
87074 92608,35.38613,-78.00269,1
87074 92608,35.38481,-78.00323,2
87074 92608,35.3844,-78.00172,3
87074 92608,35.38396,-78.00021,4
87074 92608,35.38354,-77.99875,5
87074 92608,35.38313,-77.99726,6
87074 92608,35.38312,-77.99726,7
87074 92608,35.38311,-77.99726,8
87074 92608,35.3831,-77.99727,9
87074 92608,35.38309,-77.99727,10
87074 92608,35.38308,-77.99727,11
87074 92608,35.38307,-77.99727,12
87074 92608,35.38306,-77.99727,13
87074 92608,35.38305,-77.99726,14
87074 92608,35.38304,-77.99726,15
87074 92608,35.38303,-77.99726,16
87074 92608,35.38302,-77.99725,17
87074 92608,35.38301,-77.99724,18
87074 92608,35.383,-77.99724,19
87074 92608,35.383,-77.99723,20
87074 92608,35.38299,-77.99723,21
87074 92608,35.38299,-77.99722,22
87074 92608,35.38298,-77.99721,23
87074 92608,35.38298,-77.9972,24
87074 92608,35.38297,-77.9972,25
87074 92608,35.38297,-77.99719,26
87074 92608,35.38297,-77.99718,27
87074 92608,35.38296,-77.99717,28
87074 92608,35.38296,-77.99716,29
87074 92608,35.38296,-77.99715,30
87074 92608,35.38296,-77.99714,31
87074 92608,35.38296,-77.99713,32
87074 92608,35.38296,-77.99712,33
87074 92608,35.38296,-77.99711,34
87074 92608,35.38296,-77.9971,35
87074 92608,35.38296,-77.99709,36
87074 92608,35.38296,-77.99708,37
87074 92608,35.38296,-77.99707,38
87074 92608,35.38297,-77.99706,39
87074 92608,35.38297,-77.99705,40
87074 92608,35.38297,-77.99704,41
87074 92608,35.38298,-77.99703,42
87074 92608,35.38299,-77.99702,43
87074 92608,35.38299,-77.99701,44
87074 92608,35.383,-77.99701,45
87074 92608,35.383,-77.997,46
87074 92608,35.38301,-77.997,47
87074 92608,35.38301,-77.99699,48
87074 92608,35.38302,-77.99699,49
87074 92608,35.38302,-77.99698,50
87074 92608,35.38303,-77.99698,51
87074 92608,35.38304,-77.99697,52
87074 92608,35.38305,-77.99697,53
87074 92608,35.38268,-77.99566,54
87074 92608,35.38263,-77.99547,55
87074 92608,35.38242,-77.99476,56
87074 92608,35.38209,-77.99367,57
87074 92608,35.38174,-77.99259,58
87074 92608,35.38172,-77.9925,59
87074 92608,35.38157,-77.99202,60
87074 92608,35.38111,-77.99053,61
87074 92608,35.3808,-77.98952,62
87074 92608,35.38061,-77.98889,63
87074 92608,35.38015,-77.98735,64
87074 92608,35.37967,-77.98571,65
87074 92608,35.37948,-77.98511,66
87074 92608,35.3792,-77.98411,67
87074 92608,35.379,-77.98399,68
87074 92608,35.37881,-77.98377,69
87074 92608,35.37866,-77.98357,70
87074 92608,35.37851,-77.9833,71
87074 92608,35.37674,-77.98349,72
87074 92608,35.37671,-77.98349,73
87074 92608,35.37675,-77.98453,74
87074 92608,35.37677,-77.9853,75
87074 92608,35.37683,-77.98587,76
87074 92608,35.37693,-77.98703,77
87074 92608,35.37704,-77.98822,78
87074 92608,35.37718,-77.98957,79
87074 92608,35.3771,-77.98958,80
87074 92608,35.37696,-77.98961,81
87074 92608,35.37564,-77.98986,82
87074 92608,35.37507,-77.98997,83
87074 92608,35.37493,-77.99,84
87074 92608,35.37486,-77.99001,85
87074 92608,35.37466,-77.99006,86
87074 92608,35.37429,-77.99013,87
87074 92608,35.37296,-77.99037,88
87074 92608,35.37158,-77.99064,89
87074 92608,35.3713,-77.9907,90
87074 92608,35.37115,-77.99073,91
87074 92608,35.37092,-77.99078,92
87074 92608,35.37055,-77.99085,93
87074 92608,35.36981,-77.99098,94
87074 92608,35.36895,-77.99114,95
87074 92608,35.36742,-77.99144,96
87074 92608,35.36693,-77.99153,97
87074 92608,35.3663,-77.99165,98
87074 92608,35.36585,-77.99174,99
87074 92608,35.36587,-77.99228,100
87074 92608,35.36593,-77.99444,101
87074 92608,35.36596,-77.99521,102
87074 92608,35.36599,-77.99562,103
87074 92608,35.36603,-77.99593,104
87074 92608,35.36608,-77.99617,105
87074 92608,35.36616,-77.99642,106
87074 92608,35.36617,-77.99646,107
87074 92608,35.36624,-77.99665,108
87074 92608,35.36639,-77.99697,109
87074 92608,35.36659,-77.99748,110
87074 92608,35.36749,-77.99742,111
87074 92608,35.36753,-77.99742,112
87074 92608,35.36756,-77.99743,113
87074 92608,35.36759,-77.99746,114
87074 92608,35.36762,-77.9975,115
87074 92608,35.36763,-77.99754,116
87074 92608,35.36763,-77.99759,117
87074 92608,35.36764,-77.9978,118
87074 92608,35.36779,-78.00163,119
87074 92608,35.3678,-78.00181,120
87074 92608,35.36703,-78.00215,121
87074 92608,35.36692,-78.0022,122
87074 92608,35.36605,-78.00255,123
87074 92608,35.36525,-78.00289,124
87074 92608,35.36442,-78.00322,125
87074 92608,35.36387,-78.00345,126
87074 92608,35.36359,-78.00357,127
87074 92608,35.36201,-78.00422,128
87074 92608,35.36106,-78.00461,129
87074 92608,35.36034,-78.00492,130
87074 92608,35.35936,-78.00532,131
87074 92608,35.35918,-78.00539,132
87074 92608,35.35825,-78.00574,133
87074 92608,35.35781,-78.0059,134
87074 92608,35.35712,-78.00613,135
87074 92608,35.35653,-78.00634,136
87074 92608,35.35539,-78.00674,137
87074 92608,35.35531,-78.00677,138
87074 92608,35.3541,-78.00719,139
87074 92608,35.35289,-78.00761,140
87074 92608,35.35257,-78.00619,141
87074 92608,35.35222,-78.00465,142
87074 92608,35.35235,-78.00461,143
87074 92608,35.3534,-78.00424,144
87074 92608,35.35371,-78.00558,145
87074 92608,35.35375,-78.00575,146
87074 92608,35.3541,-78.00719,147
87074 92608,35.35531,-78.00677,148
87074 92608,35.35653,-78.00634,149
87074 92608,35.35712,-78.00613,150
87074 92608,35.35781,-78.0059,151
87074 92608,35.35776,-78.00433,152
87074 92608,35.35772,-78.00314,153
87074 92608,35.35762,-77.99999,154
87074 92608,35.35758,-77.99867,155
87074 92608,35.35758,-77.9985,156
87074 92608,35.35758,-77.99838,157
87074 92608,35.35759,-77.99823,158
87074 92608,35.3576,-77.9981,159
87074 92608,35.35762,-77.99791,160
87074 92608,35.35765,-77.99773,161
87074 92608,35.35779,-77.99712,162
87074 92608,35.35852,-77.99395,163
87074 92608,35.35864,-77.99337,164
87074 92608,35.35878,-77.99273,165
87074 92608,35.3589,-77.99225,166
87074 92608,35.35906,-77.99155,167
87074 92608,35.35912,-77.9913,168
87074 92608,35.35913,-77.99125,169
87074 92608,35.35918,-77.99106,170
87074 92608,35.35896,-77.99096,171
87074 92608,35.35851,-77.99077,172
87074 92608,35.35814,-77.9906,173
87074 92608,35.35728,-77.99021,174
87074 92608,35.35646,-77.98984,175
87074 92608,35.3561,-77.98968,176
87074 92608,35.35599,-77.98963,177
87074 92608,35.35591,-77.98959,178
87074 92608,35.35581,-77.98953,179
87074 92608,35.35573,-77.98948,180
87074 92608,35.35566,-77.98944,181
87074 92608,35.35558,-77.98938,182
87074 92608,35.35547,-77.9893,183
87074 92608,35.35532,-77.98918,184
87074 92608,35.35472,-77.98866,185
87074 92608,35.35432,-77.98831,186
87074 92608,35.3542,-77.9882,187
87074 92608,35.35408,-77.98808,188
87074 92608,35.35399,-77.98798,189
87074 92608,35.35394,-77.98793,190
87074 92608,35.35365,-77.98755,191
87074 92608,35.35305,-77.98673,192
87074 92608,35.35339,-77.9864,193
87074 92608,35.35387,-77.98607,194
87074 92608,35.3541,-77.98596,195
87074 92608,35.35418,-77.98593,196
87074 92608,35.35439,-77.98578,197
87074 92608,35.35448,-77.98567,198
87074 92608,35.35467,-77.98541,199
87074 92608,35.35475,-77.98533,200
87074 92608,35.35486,-77.98527,201
87074 92608,35.35493,-77.98524,202
87074 92608,35.3551,-77.98519,203
87074 92608,35.35509,-77.98509,204
87074 92608,35.3551,-77.98519,205
87074 92608,35.35599,-77.98502,206
87074 92608,35.35613,-77.98496,207
87074 92608,35.35623,-77.98487,208
87074 92608,35.35632,-77.98476,209
87074 92608,35.35637,-77.98465,210
87074 92608,35.35643,-77.9845,211
87074 92608,35.35645,-77.98431,212
87074 92608,35.35643,-77.98412,213
87074 92608,35.35637,-77.98394,214
87074 92608,35.35624,-77.9836,215
87074 92608,35.3561,-77.98328,216
87074 92608,35.35604,-77.98317,217
87074 92608,35.356,-77.98311,218
87074 92608,35.35596,-77.98307,219
87074 92608,35.35588,-77.983,220
87074 92608,35.35579,-77.98295,221
87074 92608,35.35571,-77.98293,222
87074 92608,35.3556,-77.9829,223
87074 92608,35.35549,-77.98291,224
87074 92608,35.3547,-77.98305,225
87074 92608,35.35371,-77.98327,226
87074 92608,35.35266,-77.98345,227
87074 92608,35.35227,-77.98355,228
87074 92608,35.35186,-77.98371,229
87074 92608,35.35163,-77.98385,230
87074 92608,35.35133,-77.98408,231
87074 92608,35.35123,-77.98416,232
87074 92608,35.35233,-77.98573,233
87074 92608,35.35305,-77.98673,234
87074 92608,35.35365,-77.98755,235
87074 92608,35.35394,-77.98793,236
87074 92608,35.35399,-77.98798,237
87074 92608,35.354,-77.98799,238
87074 92608,35.35408,-77.98808,239
87074 92608,35.3542,-77.9882,240
87074 92608,35.35432,-77.98831,241
87074 92608,35.35472,-77.98866,242
87074 92608,35.35532,-77.98918,243
87074 92608,35.35547,-77.9893,244
87074 92608,35.35558,-77.98938,245
87074 92608,35.35566,-77.98944,246
87074 92608,35.35573,-77.98948,247
87074 92608,35.35581,-77.98953,248
87074 92608,35.35591,-77.98959,249
87074 92608,35.35599,-77.98963,250
87074 92608,35.3561,-77.98968,251
87074 92608,35.35646,-77.98984,252
87074 92608,35.35728,-77.99021,253
87074 92608,35.35814,-77.9906,254
87074 92608,35.35851,-77.99077,255
87074 92608,35.35896,-77.99096,256
87074 92608,35.35918,-77.99106,257
87074 92608,35.35986,-77.99136,258
87074 92608,35.36031,-77.99157,259
87074 92608,35.36053,-77.99166,260
87074 92608,35.36067,-77.99172,261
87074 92608,35.36088,-77.9918,262
87074 92608,35.36107,-77.99185,263
87074 92608,35.36134,-77.99189,264
87074 92608,35.36167,-77.99193,265
87074 92608,35.36202,-77.99196,266
87074 92608,35.36235,-77.992,267
87074 92608,35.3631,-77.99207,268
87074 92608,35.36336,-77.99209,269
87074 92608,35.36356,-77.9921,270
87074 92608,35.36363,-77.9921,271
87074 92608,35.36369,-77.9921,272
87074 92608,35.36372,-77.99121,273
87074 92608,35.36375,-77.99093,274
87074 92608,35.36378,-77.99076,275
87074 92608,35.3638,-77.99042,276
87074 92608,35.36373,-77.98973,277
87074 92608,35.36361,-77.989,278
87074 92608,35.36342,-77.98768,279
87074 92608,35.36346,-77.98768,280
87074 92608,35.36431,-77.98753,281
87074 92608,35.36521,-77.98736,282
87074 92608,35.36519,-77.98723,283
87074 92608,35.36491,-77.98487,284
87074 92608,35.3649,-77.9848,285
87074 92608,35.36491,-77.98487,286
87074 92608,35.36469,-77.98493,287
87074 92608,35.36442,-77.98505,288
87074 92608,35.36422,-77.9852,289
87074 92608,35.36396,-77.98538,290
87074 92608,35.36367,-77.98486,291
87074 92608,35.36359,-77.98475,292
87074 92608,35.36351,-77.98467,293
87074 92608,35.36332,-77.98451,294
87074 92608,35.36288,-77.98419,295
87074 92608,35.36263,-77.98399,296
87074 92608,35.36209,-77.98362,297
87074 92608,35.36171,-77.98336,298
87074 92608,35.36165,-77.98332,299
87074 92608,35.36171,-77.98336,300
87074 92608,35.36194,-77.98296,301
87074 92608,35.36202,-77.98283,302
87074 92608,35.3621,-77.98275,303
87074 92608,35.36219,-77.98267,304
87074 92608,35.36228,-77.98261,305
87074 92608,35.36302,-77.98232,306
87074 92608,35.36367,-77.98206,307
87074 92608,35.36435,-77.98183,308
87074 92608,35.36438,-77.98182,309
87074 92608,35.36435,-77.98183,310
87074 92608,35.36457,-77.98287,311
87074 92608,35.36491,-77.98487,312
87074 92608,35.36521,-77.98736,313
87074 92608,35.36673,-77.98707,314
87074 92608,35.3681,-77.98686,315
87074 92608,35.36829,-77.98783,316
87074 92608,35.36823,-77.98784,317
87074 92608,35.36829,-77.98783,318
87074 92608,35.36988,-77.98763,319
87074 92608,35.37077,-77.98751,320
87074 92608,35.37078,-77.98759,321
87074 92608,35.37077,-77.98751,322
87074 92608,35.37075,-77.98533,323
87074 92608,35.37072,-77.985,324
87074 92608,35.37069,-77.98387,325
87074 92608,35.37068,-77.98366,326
87074 92608,35.37068,-77.9834,327
87074 92608,35.37067,-77.98267,328
87074 92608,35.37065,-77.98232,329
87074 92608,35.37064,-77.98223,330
87074 92608,35.37062,-77.98215,331
87074 92608,35.37034,-77.98129,332
87074 92608,35.37042,-77.98126,333
87074 92608,35.37152,-77.9808,334
87074 92608,35.37258,-77.98033,335
87074 92608,35.3727,-77.98028,336
87074 92608,35.37266,-77.98001,337
87074 92608,35.37253,-77.9791,338
87074 92608,35.37236,-77.97789,339
87074 92608,35.3723,-77.97744,340
87074 92608,35.37226,-77.97717,341
87074 92608,35.37202,-77.97535,342
87074 92608,35.37195,-77.97504,343
87074 92608,35.37189,-77.97476,344
87074 92608,35.37183,-77.97454,345
87074 92608,35.37172,-77.97422,346
87074 92608,35.37162,-77.97391,347
87074 92608,35.3715,-77.97354,348
87074 92608,35.37133,-77.97307,349
87074 92608,35.37122,-77.97277,350
87074 92608,35.37111,-77.9725,351
87074 92608,35.37106,-77.97237,352
87074 92608,35.37097,-77.97218,353
87074 92608,35.37083,-77.97189,354
87074 92608,35.37051,-77.9713,355
87074 92608,35.37015,-77.97066,356
87074 92608,35.36994,-77.97029,357
87074 92608,35.36973,-77.96989,358
87074 92608,35.36966,-77.96978,359
87074 92608,35.36951,-77.96953,360
87074 92608,35.36942,-77.9694,361
87074 92608,35.36939,-77.96935,362
87074 92608,35.36918,-77.96908,363
87074 92608,35.36891,-77.96873,364
87074 92608,35.36874,-77.9685,365
87074 92608,35.36868,-77.96841,366
87074 92608,35.36863,-77.96834,367
87074 92608,35.36857,-77.96825,368
87074 92608,35.3685,-77.96814,369
87074 92608,35.36833,-77.96786,370
87074 92608,35.36816,-77.96752,371
87074 92608,35.36807,-77.96735,372
87074 92608,35.368,-77.9672,373
87074 92608,35.36793,-77.96703,374
87074 92608,35.36786,-77.96686,375
87074 92608,35.3678,-77.96672,376
87074 92608,35.36778,-77.96666,377
87074 92608,35.36774,-77.96654,378
87074 92608,35.36767,-77.96634,379
87074 92608,35.36759,-77.96609,380
87074 92608,35.36752,-77.96584,381
87074 92608,35.36748,-77.96568,382
87074 92608,35.36744,-77.9655,383
87074 92608,35.3674,-77.96529,384
87074 92608,35.36736,-77.9651,385
87074 92608,35.36732,-77.96486,386
87074 92608,35.36729,-77.96461,387
87074 92608,35.36728,-77.96446,388
87074 92608,35.36726,-77.96431,389
87074 92608,35.36725,-77.96412,390
87074 92608,35.36724,-77.96389,391
87074 92608,35.36723,-77.96369,392
87074 92608,35.36723,-77.96319,393
87074 92608,35.36725,-77.96178,394
87074 92608,35.36725,-77.96105,395
87074 92608,35.36831,-77.96104,396
87074 92608,35.36846,-77.96102,397
87074 92608,35.36856,-77.961,398
87074 92608,35.36862,-77.96098,399
87074 92608,35.36868,-77.96094,400
87074 92608,35.36877,-77.96088,401
87074 92608,35.36889,-77.96075,402
87074 92608,35.36915,-77.9605,403
87074 92608,35.36978,-77.95996,404
87074 92608,35.37005,-77.95968,405
87074 92608,35.37111,-77.95881,406
87074 92608,35.37153,-77.95846,407
87074 92608,35.37213,-77.95807,408
87074 92608,35.37268,-77.95772,409
87074 92608,35.37324,-77.95738,410
87074 92608,35.37445,-77.95655,411
87074 92608,35.3741,-77.95618,412
87074 92608,35.37405,-77.95613,413
87074 92608,35.37391,-77.95598,414
87074 92608,35.37366,-77.95571,415
87074 92608,35.3736,-77.95565,416
87074 92608,35.37301,-77.95501,417
87074 92608,35.37296,-77.95496,418
87074 92608,35.37276,-77.95474,419
87074 92608,35.37263,-77.9546,420
87074 92608,35.37256,-77.95452,421
87074 92608,35.37235,-77.9543,422
87074 92608,35.37224,-77.95417,423
87074 92608,35.37214,-77.95406,424
87074 92608,35.37208,-77.95401,425
87074 92608,35.37197,-77.95389,426
87074 92608,35.37184,-77.95374,427
87074 92608,35.37176,-77.95366,428
87074 92608,35.37133,-77.95319,429
87074 92608,35.37077,-77.9539,430
87074 92608,35.37042,-77.95435,431
87074 92608,35.36942,-77.95561,432
87074 92608,35.36928,-77.95578,433
87074 92608,35.36918,-77.9559,434
87074 92608,35.36908,-77.956,435
87074 92608,35.36898,-77.95609,436
87074 92608,35.36888,-77.95616,437
87074 92608,35.36879,-77.95623,438
87074 92608,35.36865,-77.95633,439
87074 92608,35.36849,-77.95641,440
87074 92608,35.36839,-77.95646,441
87074 92608,35.36827,-77.9565,442
87074 92608,35.36826,-77.95651,443
87074 92608,35.36807,-77.95658,444
87074 92608,35.36786,-77.95666,445
87074 92608,35.3677,-77.95673,446
87074 92608,35.36759,-77.95678,447
87074 92608,35.36759,-77.95685,448
87074 92608,35.36758,-77.95691,449
87074 92608,35.36756,-77.95708,450
87074 92608,35.36755,-77.95712,451
87074 92608,35.36751,-77.9574,452
87074 92608,35.36751,-77.95742,453
87074 92608,35.36748,-77.95759,454
87074 92608,35.36741,-77.95804,455
87074 92608,35.3674,-77.95812,456
87074 92608,35.36738,-77.95827,457
87074 92608,35.36733,-77.95858,458
87074 92608,35.36732,-77.95863,459
87074 92608,35.36731,-77.95873,460
87074 92608,35.36729,-77.95892,461
87074 92608,35.36729,-77.95905,462
87074 92608,35.36728,-77.95917,463
87074 92608,35.36728,-77.95941,464
87074 92608,35.36725,-77.96105,465
87074 92608,35.36725,-77.96178,466
87074 92608,35.36723,-77.96319,467
87074 92608,35.36723,-77.96369,468
87074 92608,35.36724,-77.96389,469
87074 92608,35.36725,-77.96412,470
87074 92608,35.36726,-77.96431,471
87074 92608,35.36728,-77.96446,472
87074 92608,35.36729,-77.96461,473
87074 92608,35.36732,-77.96486,474
87074 92608,35.36736,-77.9651,475
87074 92608,35.3674,-77.96529,476
87074 92608,35.36744,-77.9655,477
87074 92608,35.36748,-77.96568,478
87074 92608,35.36752,-77.96584,479
87074 92608,35.36759,-77.96609,480
87074 92608,35.36767,-77.96634,481
87074 92608,35.36774,-77.96654,482
87074 92608,35.36778,-77.96666,483
87074 92608,35.3678,-77.96672,484
87074 92608,35.36786,-77.96686,485
87074 92608,35.36793,-77.96703,486
87074 92608,35.368,-77.9672,487
87074 92608,35.36807,-77.96735,488
87074 92608,35.36816,-77.96752,489
87074 92608,35.36833,-77.96786,490
87074 92608,35.3685,-77.96814,491
87074 92608,35.36857,-77.96825,492
87074 92608,35.36863,-77.96834,493
87074 92608,35.36868,-77.96841,494
87074 92608,35.36874,-77.9685,495
87074 92608,35.36891,-77.96873,496
87074 92608,35.36918,-77.96908,497
87074 92608,35.36939,-77.96935,498
87074 92608,35.36942,-77.9694,499
87074 92608,35.36951,-77.96953,500
87074 92608,35.36966,-77.96978,501
87074 92608,35.36973,-77.96989,502
87074 92608,35.36973,-77.9699,503
87074 92608,35.36994,-77.97029,504
87074 92608,35.37051,-77.9713,505
87074 92608,35.37083,-77.97189,506
87074 92608,35.37097,-77.97218,507
87074 92608,35.37106,-77.97237,508
87074 92608,35.37111,-77.9725,509
87074 92608,35.37122,-77.97277,510
87074 92608,35.37133,-77.97307,511
87074 92608,35.3715,-77.97354,512
87074 92608,35.37162,-77.97391,513
87074 92608,35.37172,-77.97422,514
87074 92608,35.37183,-77.97454,515
87074 92608,35.37189,-77.97476,516
87074 92608,35.37195,-77.97504,517
87074 92608,35.37202,-77.97535,518
87074 92608,35.37226,-77.97717,519
87074 92608,35.37228,-77.97727,520
87074 92608,35.3723,-77.97744,521
87074 92608,35.37236,-77.97789,522
87074 92608,35.37253,-77.9791,523
87074 92608,35.37266,-77.98001,524
87074 92608,35.3727,-77.98028,525
87074 92608,35.37274,-77.98057,526
87074 92608,35.37288,-77.98154,527
87074 92608,35.37292,-77.98175,528
87074 92608,35.37297,-77.98194,529
87074 92608,35.37303,-77.98215,530
87074 92608,35.3731,-77.98236,531
87074 92608,35.37316,-77.98254,532
87074 92608,35.3733,-77.98293,533
87074 92608,35.37358,-77.98374,534
87074 92608,35.3736,-77.98388,535
87074 92608,35.37362,-77.98405,536
87074 92608,35.37363,-77.9843,537
87074 92608,35.37365,-77.98473,538
87074 92608,35.37368,-77.98519,539
87074 92608,35.3737,-77.98555,540
87074 92608,35.37375,-77.98661,541
87074 92608,35.37378,-77.98699,542
87074 92608,35.37379,-77.98715,543
87074 92608,35.37381,-77.98731,544
87074 92608,35.37383,-77.98743,545
87074 92608,35.37386,-77.98752,546
87074 92608,35.37391,-77.98773,547
87074 92608,35.37426,-77.98883,548
87074 92608,35.37454,-77.98969,549
87074 92608,35.37456,-77.98975,550
87074 92608,35.37466,-77.99006,551
87074 92608,35.37486,-77.99001,552
87074 92608,35.37493,-77.99,553
87074 92608,35.37507,-77.98997,554
87074 92608,35.37564,-77.98986,555
87074 92608,35.37696,-77.98961,556
87074 92608,35.37718,-77.98957,557
87074 92608,35.37716,-77.98937,558
87074 92608,35.37704,-77.98822,559
87074 92608,35.37693,-77.98703,560
87074 92608,35.37683,-77.98587,561
87074 92608,35.37677,-77.9853,562
87074 92608,35.37675,-77.98453,563
87074 92608,35.37671,-77.98349,564
87074 92608,35.3784,-77.98331,565
87074 92608,35.37851,-77.9833,566
87074 92608,35.37866,-77.98357,567
87074 92608,35.37881,-77.98377,568
87074 92608,35.379,-77.98399,569
87074 92608,35.3792,-77.98411,570
87074 92608,35.37948,-77.98511,571
87074 92608,35.37967,-77.98571,572
87074 92608,35.38015,-77.98735,573
87074 92608,35.38061,-77.98889,574
87074 92608,35.38111,-77.99053,575
87074 92608,35.3812,-77.99049,576
87074 92608,35.38111,-77.99053,577
87074 92608,35.38157,-77.99202,578
87074 92608,35.38172,-77.9925,579
87074 92608,35.38207,-77.99358,580
87074 92608,35.38209,-77.99367,581
87074 92608,35.38242,-77.99476,582
87074 92608,35.38263,-77.99547,583
87074 92608,35.38305,-77.99697,584
87074 92608,35.38306,-77.99697,585
87074 92608,35.38307,-77.99697,586
87074 92608,35.38308,-77.99697,587
87074 92608,35.38309,-77.99697,588
87074 92608,35.3831,-77.99697,589
87074 92608,35.38311,-77.99697,590
87074 92608,35.38312,-77.99698,591
87074 92608,35.38313,-77.99698,592
87074 92608,35.38314,-77.99699,593
87074 92608,35.38315,-77.99699,594
87074 92608,35.38315,-77.997,595
87074 92608,35.38316,-77.997,596
87074 92608,35.38316,-77.99701,597
87074 92608,35.38317,-77.99701,598
87074 92608,35.38317,-77.99702,599
87074 92608,35.38318,-77.99703,600
87074 92608,35.38318,-77.99704,601
87074 92608,35.38319,-77.99705,602
87074 92608,35.38319,-77.99706,603
87074 92608,35.38319,-77.99707,604
87074 92608,35.3832,-77.99708,605
87074 92608,35.3832,-77.99709,606
87074 92608,35.3832,-77.9971,607
87074 92608,35.3832,-77.99711,608
87074 92608,35.3832,-77.99712,609
87074 92608,35.3832,-77.99713,610
87074 92608,35.3832,-77.99714,611
87074 92608,35.3832,-77.99715,612
87074 92608,35.3832,-77.99716,613
87074 92608,35.38319,-77.99717,614
87074 92608,35.38319,-77.99718,615
87074 92608,35.38319,-77.99719,616
87074 92608,35.38318,-77.9972,617
87074 92608,35.38318,-77.99721,618
87074 92608,35.38317,-77.99721,619
87074 92608,35.38317,-77.99722,620
87074 92608,35.38316,-77.99722,621
87074 92608,35.38316,-77.99723,622
87074 92608,35.38315,-77.99724,623
87074 92608,35.38314,-77.99724,624
87074 92608,35.38314,-77.99725,625
87074 92608,35.38313,-77.99725,626
87074 92608,35.38313,-77.99726,627
87074 92608,35.38354,-77.99875,628
87074 92608,35.38396,-78.00021,629
87074 92608,35.3842,-78.00103,630
87074 92608,35.3844,-78.00172,631
87074 92608,35.38472,-78.00288,632
87074 92608,35.38481,-78.00323,633
87074 92608,35.38498,-78.00316,634
87074 92608,35.38583,-78.00281,635
87074 92608,35.38613,-78.00269,636
87074 92608,35.38627,-78.00321,637
87075 92609,35.38567,-78.00287,0
87075 92609,35.38613,-78.00269,1
87075 92609,35.38746,-78.00213,2
87075 92609,35.38779,-78.00331,3
87075 92609,35.38789,-78.00364,4
87075 92609,35.38811,-78.00439,5
87075 92609,35.38831,-78.00515,6
87075 92609,35.38955,-78.00462,7
87075 92609,35.38965,-78.00457,8
87075 92609,35.38983,-78.0053,9
87075 92609,35.39005,-78.0058,10
87075 92609,35.39031,-78.00613,11
87075 92609,35.39052,-78.00625,12
87075 92609,35.39078,-78.00631,13
87075 92609,35.39102,-78.0063,14
87075 92609,35.39126,-78.00622,15
87075 92609,35.3914,-78.00613,16
87075 92609,35.39158,-78.00602,17
87075 92609,35.39196,-78.00562,18
87075 92609,35.39256,-78.00491,19
87075 92609,35.39333,-78.00454,20
87075 92609,35.39426,-78.00419,21
87075 92609,35.39376,-78.00285,22
87075 92609,35.39373,-78.00276,23
87075 92609,35.39341,-78.0019,24
87075 92609,35.39322,-78.00133,25
87075 92609,35.39312,-78.00106,26
87075 92609,35.39286,-78.00025,27
87075 92609,35.39274,-77.99989,28
87075 92609,35.39436,-77.99922,29
87075 92609,35.3943,-77.99913,30
87075 92609,35.39417,-77.99902,31
87075 92609,35.39407,-77.99893,32
87075 92609,35.39398,-77.99883,33
87075 92609,35.39387,-77.99869,34
87075 92609,35.3938,-77.99859,35
87075 92609,35.39373,-77.99849,36
87075 92609,35.39366,-77.99836,37
87075 92609,35.39358,-77.99819,38
87075 92609,35.39352,-77.99806,39
87075 92609,35.39346,-77.99792,40
87075 92609,35.39328,-77.99726,41
87075 92609,35.39326,-77.99721,42
87075 92609,35.39303,-77.99637,43
87075 92609,35.3934,-77.99622,44
87075 92609,35.39423,-77.99585,45
87075 92609,35.39506,-77.99551,46
87075 92609,35.39513,-77.99548,47
87075 92609,35.39521,-77.99545,48
87075 92609,35.39534,-77.99542,49
87075 92609,35.39548,-77.9954,50
87075 92609,35.39569,-77.99537,51
87075 92609,35.39588,-77.99533,52
87075 92609,35.39605,-77.99529,53
87075 92609,35.39634,-77.99521,54
87075 92609,35.39718,-77.99495,55
87075 92609,35.39729,-77.99491,56
87075 92609,35.39681,-77.99314,57
87075 92609,35.39706,-77.99303,58
87075 92609,35.39682,-77.99227,59
87075 92609,35.39665,-77.99165,60
87075 92609,35.39661,-77.99151,61
87075 92609,35.39653,-77.99126,62
87075 92609,35.39622,-77.99029,63
87075 92609,35.39612,-77.98994,64
87075 92609,35.39593,-77.98929,65
87075 92609,35.39679,-77.98879,66
87075 92609,35.39648,-77.98775,67
87075 92609,35.39644,-77.98762,68
87075 92609,35.39737,-77.98723,69
87075 92609,35.39744,-77.98719,70
87075 92609,35.3984,-77.98679,71
87075 92609,35.39907,-77.98651,72
87075 92609,35.39973,-77.98623,73
87075 92609,35.40039,-77.98595,74
87075 92609,35.40057,-77.98586,75
87075 92609,35.40069,-77.98579,76
87075 92609,35.40078,-77.98573,77
87075 92609,35.40088,-77.98566,78
87075 92609,35.401,-77.98558,79
87075 92609,35.40108,-77.98553,80
87075 92609,35.40169,-77.98509,81
87075 92609,35.40175,-77.98504,82
87075 92609,35.40205,-77.98483,83
87075 92609,35.4022,-77.98473,84
87075 92609,35.40264,-77.98443,85
87075 92609,35.40321,-77.98405,86
87075 92609,35.40372,-77.98373,87
87075 92609,35.40437,-77.98331,88
87075 92609,35.40446,-77.98326,89
87075 92609,35.40476,-77.98309,90
87075 92609,35.40486,-77.98304,91
87075 92609,35.40495,-77.983,92
87075 92609,35.40507,-77.98295,93
87075 92609,35.40516,-77.98292,94
87075 92609,35.40528,-77.98289,95
87075 92609,35.40537,-77.98287,96
87075 92609,35.40553,-77.98284,97
87075 92609,35.40574,-77.98283,98
87075 92609,35.406,-77.98282,99
87075 92609,35.40745,-77.98293,100
87075 92609,35.40746,-77.98278,101
87075 92609,35.40745,-77.98293,102
87075 92609,35.40845,-77.98301,103
87075 92609,35.40906,-77.98304,104
87075 92609,35.40915,-77.98304,105
87075 92609,35.40923,-77.9829,106
87075 92609,35.40926,-77.98286,107
87075 92609,35.40929,-77.98282,108
87075 92609,35.40934,-77.98276,109
87075 92609,35.40947,-77.98265,110
87075 92609,35.40987,-77.98232,111
87075 92609,35.41052,-77.98176,112
87075 92609,35.41087,-77.98143,113
87075 92609,35.41099,-77.9813,114
87075 92609,35.41108,-77.98121,115
87075 92609,35.41119,-77.98106,116
87075 92609,35.41132,-77.98089,117
87075 92609,35.41151,-77.98061,118
87075 92609,35.41198,-77.9799,119
87075 92609,35.41247,-77.97916,120
87075 92609,35.41365,-77.97736,121
87075 92609,35.41407,-77.97673,122
87075 92609,35.41446,-77.97615,123
87075 92609,35.41457,-77.97597,124
87075 92609,35.41463,-77.97589,125
87075 92609,35.4147,-77.97576,126
87075 92609,35.41476,-77.97564,127
87075 92609,35.4148,-77.97556,128
87075 92609,35.41487,-77.9754,129
87075 92609,35.41524,-77.97576,130
87075 92609,35.41597,-77.97648,131
87075 92609,35.41617,-77.97688,132
87075 92609,35.41618,-77.97741,133
87075 92609,35.41602,-77.9782,134
87075 92609,35.41604,-77.9788,135
87075 92609,35.41634,-77.98141,136
87075 92609,35.41638,-77.98224,137
87075 92609,35.41586,-77.98232,138
87075 92609,35.41445,-77.98254,139
87075 92609,35.41395,-77.98262,140
87075 92609,35.41346,-77.9827,141
87075 92609,35.41294,-77.98278,142
87075 92609,35.41258,-77.98283,143
87075 92609,35.41178,-77.98296,144
87075 92609,35.4116,-77.98298,145
87075 92609,35.41122,-77.98303,146
87075 92609,35.41098,-77.98305,147
87075 92609,35.41073,-77.98307,148
87075 92609,35.4104,-77.98308,149
87075 92609,35.40992,-77.98306,150
87075 92609,35.40928,-77.98304,151
87075 92609,35.40915,-77.98304,152
87075 92609,35.40845,-77.98301,153
87075 92609,35.40745,-77.98293,154
87075 92609,35.406,-77.98282,155
87075 92609,35.40574,-77.98283,156
87075 92609,35.40553,-77.98284,157
87075 92609,35.40537,-77.98287,158
87075 92609,35.40528,-77.98289,159
87075 92609,35.40516,-77.98292,160
87075 92609,35.40507,-77.98295,161
87075 92609,35.40495,-77.983,162
87075 92609,35.40486,-77.98304,163
87075 92609,35.40476,-77.98309,164
87075 92609,35.40446,-77.98326,165
87075 92609,35.40451,-77.9834,166
87075 92609,35.40497,-77.98467,167
87075 92609,35.4054,-77.98584,168
87075 92609,35.40567,-77.98658,169
87075 92609,35.40587,-77.98713,170
87075 92609,35.40596,-77.98738,171
87075 92609,35.40604,-77.98762,172
87075 92609,35.40614,-77.98776,173
87075 92609,35.4065,-77.98837,174
87075 92609,35.40779,-77.99065,175
87075 92609,35.40759,-77.99073,176
87075 92609,35.40689,-77.99103,177
87075 92609,35.40595,-77.99141,178
87075 92609,35.40506,-77.99182,179
87075 92609,35.40371,-77.99239,180
87075 92609,35.40215,-77.99306,181
87075 92609,35.40197,-77.99314,182
87075 92609,35.40192,-77.99315,183
87075 92609,35.40157,-77.99321,184
87075 92609,35.40148,-77.99332,185
87075 92609,35.40144,-77.99338,186
87075 92609,35.40134,-77.99348,187
87075 92609,35.40116,-77.99363,188
87075 92609,35.40103,-77.99372,189
87075 92609,35.40093,-77.99377,190
87075 92609,35.40074,-77.99384,191
87075 92609,35.40045,-77.99393,192
87075 92609,35.40012,-77.99403,193
87075 92609,35.39919,-77.99434,194
87075 92609,35.39955,-77.99561,195
87075 92609,35.39959,-77.99574,196
87075 92609,35.40002,-77.99723,197
87075 92609,35.40006,-77.99736,198
87075 92609,35.4002,-77.99783,199
87075 92609,35.40032,-77.99826,200
87075 92609,35.40015,-77.99833,201
87075 92609,35.39877,-77.99891,202
87075 92609,35.39871,-77.99897,203
87075 92609,35.3987,-77.999,204
87075 92609,35.39869,-77.99902,205
87075 92609,35.39869,-77.99904,206
87075 92609,35.39868,-77.99913,207
87075 92609,35.39855,-78.00037,208
87075 92609,35.39835,-78.00119,209
87075 92609,35.39814,-78.0018,210
87075 92609,35.39793,-78.00228,211
87075 92609,35.39923,-78.00303,212
87075 92609,35.39895,-78.00375,213
87075 92609,35.39892,-78.00384,214
87075 92609,35.39891,-78.00391,215
87075 92609,35.39891,-78.00394,216
87075 92609,35.39892,-78.00399,217
87075 92609,35.39892,-78.00403,218
87075 92609,35.39894,-78.00411,219
87075 92609,35.39916,-78.00483,220
87075 92609,35.39875,-78.00501,221
87075 92609,35.39832,-78.0052,222
87075 92609,35.39806,-78.00531,223
87075 92609,35.3985,-78.0068,224
87075 92609,35.39859,-78.00711,225
87075 92609,35.3991,-78.00882,226
87075 92609,35.3993,-78.00949,227
87075 92609,35.39942,-78.00988,228
87075 92609,35.39949,-78.01012,229
87075 92609,35.39967,-78.01075,230
87075 92609,35.39986,-78.01139,231
87075 92609,35.40012,-78.01226,232
87075 92609,35.40015,-78.01235,233
87075 92609,35.40031,-78.01287,234
87075 92609,35.40042,-78.01325,235
87075 92609,35.40078,-78.01446,236
87075 92609,35.40107,-78.01544,237
87075 92609,35.40139,-78.01653,238
87075 92609,35.40166,-78.01744,239
87075 92609,35.40189,-78.01817,240
87075 92609,35.40206,-78.01864,241
87075 92609,35.40212,-78.01879,242
87075 92609,35.40216,-78.0189,243
87075 92609,35.40229,-78.01925,244
87075 92609,35.40239,-78.0195,245
87075 92609,35.40296,-78.02096,246
87075 92609,35.4033,-78.02183,247
87075 92609,35.40335,-78.02194,248
87075 92609,35.40349,-78.02227,249
87075 92609,35.40361,-78.02255,250
87075 92609,35.40364,-78.02265,251
87075 92609,35.40383,-78.02302,252
87075 92609,35.40402,-78.02334,253
87075 92609,35.40422,-78.02364,254
87075 92609,35.40446,-78.02403,255
87075 92609,35.40461,-78.02426,256
87075 92609,35.40466,-78.02434,257
87075 92609,35.40504,-78.02492,258
87075 92609,35.40552,-78.02569,259
87075 92609,35.40607,-78.02656,260
87075 92609,35.40638,-78.02704,261
87075 92609,35.40743,-78.02871,262
87075 92609,35.40805,-78.02966,263
87075 92609,35.40831,-78.03007,264
87075 92609,35.40847,-78.03033,265
87075 92609,35.40889,-78.031,266
87075 92609,35.40925,-78.03159,267
87075 92609,35.40959,-78.03214,268
87075 92609,35.4101,-78.03293,269
87075 92609,35.41027,-78.03317,270
87075 92609,35.41048,-78.03344,271
87075 92609,35.41087,-78.03394,272
87075 92609,35.41112,-78.03427,273
87075 92609,35.4114,-78.03462,274
87075 92609,35.41186,-78.03521,275
87075 92609,35.41212,-78.03555,276
87075 92609,35.41214,-78.03556,277
87075 92609,35.41228,-78.03575,278
87075 92609,35.4124,-78.03592,279
87075 92609,35.41273,-78.03639,280
87075 92609,35.41307,-78.0369,281
87075 92609,35.41318,-78.03709,282
87075 92609,35.41343,-78.03752,283
87075 92609,35.41386,-78.03824,284
87075 92609,35.41436,-78.03909,285
87075 92609,35.41487,-78.03991,286
87075 92609,35.41516,-78.04041,287
87075 92609,35.41518,-78.04045,288
87075 92609,35.41537,-78.04082,289
87075 92609,35.41547,-78.04101,290
87075 92609,35.41563,-78.0414,291
87075 92609,35.41584,-78.04199,292
87075 92609,35.41626,-78.04322,293
87075 92609,35.41638,-78.04357,294
87075 92609,35.41667,-78.04441,295
87075 92609,35.41698,-78.04531,296
87075 92609,35.41723,-78.04597,297
87075 92609,35.41735,-78.04627,298
87075 92609,35.41736,-78.0463,299
87075 92609,35.4176,-78.04687,300
87075 92609,35.41775,-78.04719,301
87075 92609,35.41789,-78.04748,302
87075 92609,35.41797,-78.04764,303
87075 92609,35.41836,-78.04839,304
87075 92609,35.41859,-78.0488,305
87075 92609,35.41904,-78.04962,306
87075 92609,35.41932,-78.05011,307
87075 92609,35.41988,-78.05108,308
87075 92609,35.42009,-78.0514,309
87075 92609,35.42037,-78.0518,310
87075 92609,35.4206,-78.05208,311
87075 92609,35.42083,-78.05237,312
87075 92609,35.42093,-78.05251,313
87075 92609,35.42114,-78.05276,314
87075 92609,35.42145,-78.05315,315
87075 92609,35.42191,-78.05371,316
87075 92609,35.42236,-78.0543,317
87075 92609,35.42264,-78.05472,318
87075 92609,35.42297,-78.05526,319
87075 92609,35.42311,-78.05551,320
87075 92609,35.42312,-78.05553,321
87075 92609,35.42323,-78.05575,322
87075 92609,35.4234,-78.05612,323
87075 92609,35.42367,-78.05675,324
87075 92609,35.42375,-78.05694,325
87075 92609,35.42412,-78.05787,326
87075 92609,35.42462,-78.05913,327
87075 92609,35.42491,-78.05984,328
87075 92609,35.42512,-78.06032,329
87075 92609,35.4253,-78.06067,330
87075 92609,35.42542,-78.06088,331
87075 92609,35.42555,-78.06109,332
87075 92609,35.42568,-78.06129,333
87075 92609,35.42583,-78.0615,334
87075 92609,35.42601,-78.06172,335
87075 92609,35.42615,-78.06189,336
87075 92609,35.42639,-78.06213,337
87075 92609,35.4269,-78.06265,338
87075 92609,35.42719,-78.06294,339
87075 92609,35.42795,-78.0637,340
87075 92609,35.42824,-78.06331,341
87075 92609,35.42857,-78.06283,342
87075 92609,35.42933,-78.0618,343
87075 92609,35.4294,-78.06187,344
87075 92609,35.42946,-78.06191,345
87075 92609,35.42952,-78.06201,346
87075 92609,35.42952,-78.06202,347
87075 92609,35.42975,-78.06251,348
87075 92609,35.43055,-78.06159,349
87075 92609,35.43168,-78.06278,350
87075 92609,35.43174,-78.06287,351
87075 92609,35.43042,-78.06474,352
87075 92609,35.42956,-78.06366,353
87075 92609,35.42858,-78.06303,354
87075 92609,35.42852,-78.06306,355
87075 92609,35.42845,-78.06314,356
87075 92609,35.42823,-78.06347,357
87075 92609,35.42801,-78.06376,358
87075 92609,35.42795,-78.06384,359
87075 92609,35.42791,-78.0639,360
87075 92609,35.42785,-78.06383,361
87075 92609,35.42766,-78.06364,362
87075 92609,35.4276,-78.06358,363
87075 92609,35.42722,-78.0632,364
87075 92609,35.42637,-78.06234,365
87075 92609,35.42609,-78.06205,366
87075 92609,35.4259,-78.06183,367
87075 92609,35.42572,-78.0616,368
87075 92609,35.42552,-78.06132,369
87075 92609,35.42537,-78.0611,370
87075 92609,35.42525,-78.06089,371
87075 92609,35.42519,-78.06078,372
87075 92609,35.42507,-78.06057,373
87075 92609,35.4249,-78.06021,374
87075 92609,35.42448,-78.05918,375
87075 92609,35.42443,-78.05906,376
87075 92609,35.42398,-78.05795,377
87075 92609,35.42375,-78.05737,378
87075 92609,35.42351,-78.05676,379
87075 92609,35.42337,-78.0564,380
87075 92609,35.42326,-78.05617,381
87075 92609,35.42305,-78.05572,382
87075 92609,35.42279,-78.05524,383
87075 92609,35.4225,-78.05479,384
87075 92609,35.42207,-78.05418,385
87075 92609,35.42177,-78.05381,386
87075 92609,35.42134,-78.05327,387
87075 92609,35.42118,-78.05306,388
87075 92609,35.42074,-78.05252,389
87075 92609,35.42059,-78.05234,390
87075 92609,35.42041,-78.05211,391
87075 92609,35.42008,-78.05166,392
87075 92609,35.41991,-78.05141,393
87075 92609,35.4198,-78.05125,394
87075 92609,35.41967,-78.05104,395
87075 92609,35.41953,-78.0508,396
87075 92609,35.41946,-78.05068,397
87075 92609,35.41929,-78.05036,398
87075 92609,35.4192,-78.0502,399
87075 92609,35.41892,-78.04973,400
87075 92609,35.41871,-78.04934,401
87075 92609,35.41835,-78.0487,402
87075 92609,35.41798,-78.04803,403
87075 92609,35.41771,-78.04748,404
87075 92609,35.4176,-78.04728,405
87075 92609,35.41747,-78.047,406
87075 92609,35.41731,-78.04663,407
87075 92609,35.41714,-78.04622,408
87075 92609,35.41708,-78.04608,409
87075 92609,35.41698,-78.04579,410
87075 92609,35.41689,-78.04555,411
87075 92609,35.41677,-78.04518,412
87075 92609,35.41653,-78.04447,413
87075 92609,35.41576,-78.04222,414
87075 92609,35.41563,-78.04185,415
87075 92609,35.41549,-78.04148,416
87075 92609,35.41534,-78.04113,417
87075 92609,35.41517,-78.04078,418
87075 92609,35.41493,-78.04034,419
87075 92609,35.41483,-78.04017,420
87075 92609,35.41469,-78.03993,421
87075 92609,35.41442,-78.03948,422
87075 92609,35.41425,-78.03919,423
87075 92609,35.41418,-78.03908,424
87075 92609,35.41412,-78.03899,425
87075 92609,35.41398,-78.03875,426
87075 92609,35.41359,-78.0381,427
87075 92609,35.41308,-78.03723,428
87075 92609,35.41302,-78.03715,429
87075 92609,35.41273,-78.0367,430
87075 92609,35.41246,-78.0363,431
87075 92609,35.41212,-78.03582,432
87075 92609,35.41181,-78.03541,433
87075 92609,35.41156,-78.03509,434
87075 92609,35.41145,-78.03495,435
87075 92609,35.41101,-78.0344,436
87075 92609,35.41091,-78.03427,437
87075 92609,35.41061,-78.03389,438
87075 92609,35.41045,-78.03368,439
87075 92609,35.41032,-78.03349,440
87075 92609,35.4099,-78.03288,441
87075 92609,35.40963,-78.03247,442
87075 92609,35.40919,-78.03177,443
87075 92609,35.40874,-78.03107,444
87075 92609,35.40864,-78.03089,445
87075 92609,35.40819,-78.0302,446
87075 92609,35.40781,-78.02959,447
87075 92609,35.4076,-78.02928,448
87075 92609,35.4073,-78.0288,449
87075 92609,35.4068,-78.02801,450
87075 92609,35.40626,-78.02715,451
87075 92609,35.4054,-78.0258,452
87075 92609,35.40511,-78.02534,453
87075 92609,35.405,-78.02517,454
87075 92609,35.40481,-78.02488,455
87075 92609,35.40465,-78.02462,456
87075 92609,35.40454,-78.02445,457
87075 92609,35.40409,-78.02375,458
87075 92609,35.40391,-78.02345,459
87075 92609,35.40387,-78.02338,460
87075 92609,35.40371,-78.02311,461
87075 92609,35.40349,-78.0227,462
87075 92609,35.40345,-78.02261,463
87075 92609,35.40327,-78.02216,464
87075 92609,35.40312,-78.02179,465
87075 92609,35.40287,-78.02114,466
87075 92609,35.40265,-78.02059,467
87075 92609,35.40249,-78.02018,468
87075 92609,35.40225,-78.01958,469
87075 92609,35.40217,-78.01965,470
87075 92609,35.40208,-78.01946,471
87075 92609,35.40183,-78.01881,472
87075 92609,35.40165,-78.0183,473
87075 92609,35.40148,-78.01839,474
87075 92609,35.40127,-78.01849,475
87075 92609,35.40118,-78.01854,476
87075 92609,35.40112,-78.01858,477
87075 92609,35.4011,-78.0186,478
87075 92609,35.40106,-78.01864,479
87075 92609,35.40052,-78.01888,480
87075 92609,35.40042,-78.01897,481
87075 92609,35.40041,-78.019,482
87075 92609,35.40042,-78.01897,483
87075 92609,35.39985,-78.01725,484
87075 92609,35.39952,-78.01612,485
87075 92609,35.39983,-78.01597,486
87075 92609,35.40024,-78.01579,487
87075 92609,35.40025,-78.01579,488
87075 92609,35.4003,-78.01579,489
87075 92609,35.40041,-78.0158,490
87075 92609,35.40048,-78.0158,491
87075 92609,35.40054,-78.01579,492
87075 92609,35.40067,-78.01576,493
87075 92609,35.40084,-78.01568,494
87075 92609,35.40071,-78.01519,495
87075 92609,35.40032,-78.01393,496
87075 92609,35.39999,-78.01342,497
87075 92609,35.40028,-78.01331,498
87075 92609,35.4002,-78.01305,499
87075 92609,35.39991,-78.01208,500
87075 92609,35.3997,-78.01137,501
87075 92609,35.39939,-78.01032,502
87075 92609,35.39922,-78.00974,503
87075 92609,35.39914,-78.00946,504
87075 92609,35.39888,-78.00858,505
87075 92609,35.39875,-78.00815,506
87075 92609,35.39853,-78.00741,507
87075 92609,35.39844,-78.00712,508
87075 92609,35.39832,-78.00678,509
87075 92609,35.39819,-78.00633,510
87075 92609,35.3979,-78.00538,511
87075 92609,35.39745,-78.00381,512
87075 92609,35.39725,-78.00308,513
87075 92609,35.39712,-78.0026,514
87075 92609,35.39706,-78.00236,515
87075 92609,35.39699,-78.00212,516
87075 92609,35.39693,-78.00196,517
87075 92609,35.39686,-78.00178,518
87075 92609,35.39675,-78.00154,519
87075 92609,35.39663,-78.00133,520
87075 92609,35.39651,-78.00115,521
87075 92609,35.39634,-78.00092,522
87075 92609,35.39621,-78.00078,523
87075 92609,35.39611,-78.00069,524
87075 92609,35.39602,-78.0006,525
87075 92609,35.39532,-78.00002,526
87075 92609,35.39523,-77.99995,527
87075 92609,35.39514,-77.99987,528
87075 92609,35.39502,-77.99978,529
87075 92609,35.3949,-77.99967,530
87075 92609,35.39452,-77.99936,531
87075 92609,35.39436,-77.99922,532
87075 92609,35.3928,-77.99987,533
87075 92609,35.39274,-77.99989,534
87075 92609,35.39312,-78.00106,535
87075 92609,35.39322,-78.00133,536
87075 92609,35.39341,-78.0019,537
87075 92609,35.39373,-78.00276,538
87075 92609,35.39426,-78.00419,539
87075 92609,35.39429,-78.00424,540
87075 92609,35.39426,-78.00419,541
87075 92609,35.39333,-78.00454,542
87075 92609,35.39256,-78.00491,543
87075 92609,35.39196,-78.00562,544
87075 92609,35.39158,-78.00602,545
87075 92609,35.39126,-78.00622,546
87075 92609,35.39102,-78.0063,547
87075 92609,35.39078,-78.00631,548
87075 92609,35.39052,-78.00625,549
87075 92609,35.39031,-78.00613,550
87075 92609,35.39005,-78.0058,551
87075 92609,35.38983,-78.0053,552
87075 92609,35.38965,-78.00457,553
87075 92609,35.38831,-78.00515,554
87075 92609,35.38811,-78.00439,555
87075 92609,35.38789,-78.00364,556
87075 92609,35.38779,-78.00331,557
87075 92609,35.38746,-78.00213,558
87075 92609,35.38613,-78.00269,559
87075 92609,35.38567,-78.00287,560
